-36.4004
-33.55
-33.55
-33.55
-33.55
-27.849
-44.9517
-42.1013
-44.9517
-36.4004
-42.1013
-44.9517
-33.55
-33.55
-27.849
-36.4004
-27.849
-36.4004
-27.849
-22.1481
-30.6995
-24.9985
-24.9985
-33.55
-33.55
-27.849
-39.2508
-33.55
-33.55
-33.55
-39.2508
-27.849
-30.6995
-30.6995
-30.6995
-36.4004
-27.849
-27.849
-19.2977
-27.849
-33.55
-30.6995
-27.849
-30.6995
-30.6995
-27.849
-39.2508
-36.4004
-33.55
-24.9985
-33.55
-27.849
-36.4004
-30.6995
-30.6995
-27.849
-22.1481
-36.4004
-22.1481
-27.849
-22.1481
-24.9985
-24.9985
-27.849
-33.55
-33.55
-27.849
-33.55
-30.6995
-33.55
-22.1481
-7.89589
-22.1481
-30.6995
-30.6995
-30.6995
-33.55
-33.55
-47.8022
-39.2508
-33.55
-36.4004
-42.1013
-33.55
-36.4004
-47.8022
-36.4004
-27.849
-33.55
-36.4004
-36.4004
-44.9517
-36.4004
-36.4004
-33.55
-33.55
-24.9985
-36.4004
-33.55
-27.849
-22.1481
-24.9985
-27.849
-30.6995
-36.4004
-39.2508
-33.55
-36.4004
-33.55
-33.55
-30.6995
-27.849
-39.2508
-42.1013
-33.55
-39.2508
-36.4004
-44.9517
-36.4004
-33.55
-42.1013
-42.1013
-47.8022
-33.55
-44.9517
-47.8022
-53.503
-36.4004
-30.6995
-36.4004
-22.1481
-22.1481
-30.6995
-33.55
-27.849
-36.4004
-33.55
-36.4004
-39.2508
-36.4004
-36.4004
-39.2508
-42.1013
-39.2508
-30.6995
-33.55
-42.1013
-33.55
-30.6995
-42.1013
-44.9517
-39.2508
-42.1013
-42.1013
-36.4004
-50.6526
-56.3535
-47.8022
-56.3535
-53.503
-50.6526
-56.3535
-53.503
-53.503
-50.6526
-47.8022
-50.6526
-53.503
-47.8022
-44.9517
-47.8022
-56.3535
-56.3535
-50.6526
-56.3535
-59.2039
-59.2039
-59.2039
-59.2039
-59.2039
-47.8022
-50.6526
-53.503
-50.6526
-59.2039
-59.2039
-56.3535
-50.6526
-50.6526
-56.3535
-50.6526
-59.2039
-64.9048
-59.2039
-64.9048
-56.3535
-62.0544
-50.6526
-50.6526
-53.503
-59.2039
-53.503
-53.503
-56.3535
-56.3535
-62.0544
-64.9048
-62.0544
-62.0544
-64.9048
-70.6057
-64.9048
-67.7552
-73.4561
-73.4561
-73.4561
-73.4561
-79.157
-84.8579
-76.3066
-84.8579
-84.8579
-76.3066
-70.6057
-79.157
-76.3066
-76.3066
-79.157
-73.4561
-82.0075
-93.4092
-104.811
-96.2597
-84.8579
-84.8579
-76.3066
-82.0075
-79.157
-76.3066
-84.8579
-82.0075
-76.3066
-82.0075
-84.8579
-73.4561
-73.4561
-70.6057
-73.4561
-84.8579
-79.157
-73.4561
-70.6057
-67.7552
-70.6057
-73.4561
-70.6057
-82.0075
-82.0075
-76.3066
-87.7083
-84.8579
-82.0075
-79.157
-82.0075
-84.8579
-87.7083
-82.0075
-84.8579
-79.157
-84.8579
-93.4092
-93.4092
-90.5588
-79.157
-79.157
-73.4561
-70.6057
-82.0075
-87.7083
-76.3066
-79.157
-84.8579
-76.3066
-87.7083
-87.7083
-64.9048
-73.4561
-79.157
-79.157
-87.7083
-82.0075
-82.0075
-87.7083
-84.8579
-84.8579
-70.6057
-73.4561
-73.4561
-79.157
-70.6057
-76.3066
-79.157
-70.6057
-76.3066
-79.157
-70.6057
-70.6057
-73.4561
-70.6057
-82.0075
-70.6057
-73.4561
-73.4561
-64.9048
-59.2039
-59.2039
-59.2039
-56.3535
-62.0544
-59.2039
-67.7552
-59.2039
-56.3535
-56.3535
-50.6526
-44.9517
-47.8022
-47.8022
-50.6526
-44.9517
-50.6526
-47.8022
-47.8022
-47.8022
-50.6526
-42.1013
-42.1013
-42.1013
-42.1013
-44.9517
-42.1013
-42.1013
-42.1013
-36.4004
-42.1013
-50.6526
-42.1013
-47.8022
-42.1013
-44.9517
-42.1013
-36.4004
-39.2508
-42.1013
-47.8022
-47.8022
-44.9517
-47.8022
-47.8022
-44.9517
-44.9517
-42.1013
-50.6526
-47.8022
-50.6526
-47.8022
-47.8022
-50.6526
-50.6526
-47.8022
-44.9517
-39.2508
-47.8022
-53.503
-47.8022
-44.9517
-47.8022
-27.849
-27.849
-30.6995
-30.6995
-27.849
-36.4004
-36.4004
-36.4004
-39.2508
-36.4004
-36.4004
-39.2508
-39.2508
-36.4004
-22.1481
-30.6995
-42.1013
-30.6995
-39.2508
-53.503
-53.503
-50.6526
-50.6526
-47.8022
-53.503
-56.3535
-44.9517
-53.503
-53.503
-50.6526
-50.6526
-44.9517
-44.9517
-53.503
-53.503
-44.9517
-50.6526
-50.6526
-42.1013
-47.8022
-36.4004
-36.4004
-22.1481
-30.6995
-39.2508
-42.1013
-42.1013
-44.9517
-39.2508
-44.9517
-47.8022
-47.8022
-47.8022
-36.4004
-42.1013
-39.2508
-44.9517
-53.503
-50.6526
-53.503
-50.6526
-47.8022
-36.4004
-42.1013
-47.8022
-39.2508
-42.1013
-42.1013
-56.3535
-56.3535
-44.9517
-39.2508
-44.9517
-36.4004
-36.4004
-39.2508
-36.4004
-47.8022
-44.9517
-42.1013
-39.2508
-33.55
-33.55
-30.6995
-44.9517
-42.1013
-39.2508
-42.1013
-50.6526
-47.8022
-42.1013
-42.1013
-33.55
-36.4004
-36.4004
-39.2508
-44.9517
-53.503
-44.9517
-47.8022
-47.8022
-47.8022
-44.9517
-42.1013
-53.503
-50.6526
-62.0544
-56.3535
-50.6526
-53.503
-50.6526
-50.6526
-47.8022
-56.3535
-53.503
-50.6526
-47.8022
-59.2039
-50.6526
-53.503
-62.0544
-64.9048
-62.0544
-62.0544
-56.3535
-59.2039
-56.3535
-50.6526
-56.3535
-62.0544
-62.0544
-59.2039
-53.503
-47.8022
-62.0544
-56.3535
-56.3535
-67.7552
-64.9048
-56.3535
-59.2039
-56.3535
-53.503
-62.0544
-59.2039
-59.2039
-59.2039
-56.3535
-64.9048
-62.0544
-62.0544
-64.9048
-62.0544
-64.9048
-64.9048
-62.0544
-70.6057
-70.6057
-67.7552
-82.0075
-76.3066
-82.0075
-82.0075
-84.8579
-76.3066
-79.157
-84.8579
-82.0075
-76.3066
-82.0075
-76.3066
-79.157
-76.3066
-84.8579
-96.2597
-76.3066
-84.8579
-82.0075
-84.8579
-79.157
-67.7552
-76.3066
-70.6057
-76.3066
-70.6057
-79.157
-79.157
-64.9048
-76.3066
-82.0075
-79.157
-84.8579
-82.0075
-82.0075
-79.157
-87.7083
-87.7083
-99.1101
-99.1101
-96.2597
-99.1101
-96.2597
-107.661
-104.811
-101.961
-104.811
-96.2597
-93.4092
-93.4092
-104.811
-104.811
-101.961
-104.811
-107.661
-107.661
-107.661
-99.1101
-101.961
-107.661
-113.362
-101.961
-96.2597
-107.661
-104.811
-104.811
-99.1101
-107.661
-101.961
-107.661
-96.2597
-90.5588
-101.961
-107.661
-107.661
-99.1101
-96.2597
-101.961
-99.1101
-96.2597
-99.1101
-93.4092
-99.1101
-96.2597
-96.2597
-96.2597
-96.2597
-99.1101
-96.2597
-96.2597
-96.2597
-96.2597
-96.2597
-107.661
-99.1101
-104.811
-99.1101
-99.1101
-96.2597
-90.5588
-87.7083
-96.2597
-90.5588
-84.8579
-87.7083
-90.5588
-87.7083
-87.7083
-82.0075
-76.3066
-84.8579
-79.157
-76.3066
-76.3066
-82.0075
-84.8579
-82.0075
-87.7083
-82.0075
-76.3066
-79.157
-70.6057
-79.157
-76.3066
-73.4561
-84.8579
-82.0075
-87.7083
-82.0075
-76.3066
-76.3066
-67.7552
-67.7552
-79.157
-84.8579
-82.0075
-79.157
-70.6057
-67.7552
-67.7552
-64.9048
-73.4561
-76.3066
-79.157
-70.6057
-67.7552
-73.4561
-62.0544
-67.7552
-62.0544
-70.6057
-76.3066
-70.6057
-73.4561
-70.6057
-64.9048
-62.0544
-56.3535
-64.9048
-67.7552
-53.503
-56.3535
-50.6526
-50.6526
-42.1013
-39.2508
-47.8022
-44.9517
-53.503
-47.8022
-47.8022
-53.503
-50.6526
-50.6526
-33.55
-33.55
-53.503
-44.9517
-56.3535
-50.6526
-56.3535
-70.6057
-59.2039
-59.2039
-56.3535
-67.7552
-53.503
-50.6526
-62.0544
-59.2039
-64.9048
-67.7552
-64.9048
-64.9048
-67.7552
-70.6057
-59.2039
-59.2039
-64.9048
-53.503
-53.503
-47.8022
-47.8022
-44.9517
-47.8022
-50.6526
-44.9517
-50.6526
-53.503
-56.3535
-53.503
-59.2039
-59.2039
-50.6526
-53.503
-44.9517
-50.6526
-59.2039
-50.6526
-56.3535
-64.9048
-56.3535
-56.3535
-56.3535
-56.3535
-64.9048
-59.2039
-56.3535
-67.7552
-76.3066
-79.157
-70.6057
-67.7552
-59.2039
-62.0544
-64.9048
-59.2039
-64.9048
-70.6057
-64.9048
-64.9048
-67.7552
-67.7552
-64.9048
-70.6057
-73.4561
-70.6057
-67.7552
-70.6057
-76.3066
-70.6057
-67.7552
-67.7552
-62.0544
-67.7552
-64.9048
-70.6057
-73.4561
-76.3066
-73.4561
-76.3066
-82.0075
-82.0075
-70.6057
-79.157
-76.3066
-76.3066
-73.4561
-82.0075
-87.7083
-76.3066
-73.4561
-76.3066
-76.3066
-76.3066
-82.0075
-73.4561
-73.4561
-79.157
-82.0075
-84.8579
-84.8579
-93.4092
-90.5588
-73.4561
-82.0075
-79.157
-82.0075
-82.0075
-84.8579
-79.157
-76.3066
-76.3066
-79.157
-76.3066
-79.157
-84.8579
-79.157
-79.157
-73.4561
-73.4561
-76.3066
-70.6057
-76.3066
-76.3066
-82.0075
-70.6057
-73.4561
-76.3066
-79.157
-79.157
-90.5588
-84.8579
-73.4561
-84.8579
-79.157
-82.0075
-82.0075
-79.157
-79.157
-84.8579
-99.1101
-101.961
-93.4092
-104.811
-101.961
-99.1101
-101.961
-93.4092
-96.2597
-96.2597
-87.7083
-93.4092
-96.2597
-110.512
-107.661
-96.2597
-93.4092
-84.8579
-96.2597
-104.811
-93.4092
-84.8579
-90.5588
-87.7083
-90.5588
-93.4092
-90.5588
-90.5588
-96.2597
-104.811
-99.1101
-101.961
-104.811
-99.1101
-93.4092
-96.2597
-99.1101
-101.961
-96.2597
-99.1101
-110.512
-113.362
-110.512
-107.661
-113.362
-110.512
-104.811
-107.661
-104.811
-110.512
-113.362
-113.362
-116.213
-110.512
-116.213
-107.661
-96.2597
-107.661
-101.961
-104.811
-116.213
-104.811
-101.961
-101.961
-107.661
-113.362
-116.213
-110.512
-101.961
-104.811
-101.961
-107.661
-113.362
-113.362
-110.512
-113.362
-116.213
-104.811
-101.961
-104.811
-101.961
-101.961
-110.512
-116.213
-107.661
-104.811
-101.961
-99.1101
-93.4092
-90.5588
-99.1101
-101.961
-99.1101
-101.961
-104.811
-99.1101
-96.2597
-99.1101
-90.5588
-90.5588
-93.4092
-87.7083
-79.157
-90.5588
-87.7083
-79.157
-84.8579
-84.8579
-79.157
-82.0075
-79.157
-84.8579
-76.3066
-82.0075
-84.8579
-82.0075
-79.157
-73.4561
-79.157
-73.4561
-79.157
-70.6057
-70.6057
-70.6057
-76.3066
-82.0075
-73.4561
-76.3066
-76.3066
-76.3066
-79.157
-76.3066
-73.4561
-67.7552
-70.6057
-70.6057
-64.9048
-59.2039
-62.0544
-70.6057
-67.7552
-70.6057
-70.6057
-70.6057
-70.6057
-67.7552
-76.3066
-64.9048
-64.9048
-64.9048
-64.9048
-64.9048
-64.9048
-62.0544
-62.0544
-59.2039
-53.503
-59.2039
-50.6526
-42.1013
-44.9517
-44.9517
-33.55
-33.55
-44.9517
-39.2508
-36.4004
-44.9517
-36.4004
-36.4004
-42.1013
-36.4004
-36.4004
-19.2977
-30.6995
-39.2508
-22.1481
-33.55
-39.2508
-42.1013
-47.8022
-42.1013
-47.8022
-30.6995
-50.6526
-39.2508
-39.2508
-39.2508
-44.9517
-33.55
-39.2508
-30.6995
12.0572
12.0572
54.8137
71.9163
111.822
154.579
208.737
231.541
257.195
305.653
351.26
362.662
374.063
391.166
405.418
413.969
399.717
368.362
331.307
328.456
294.251
248.644
168.831
126.075
94.7198
43.4119
-19.2977
-82.0075
-121.914
-167.521
-190.324
-241.632
-287.239
-321.444
-324.295
-375.603
-409.808
-426.91
-432.611
-444.013
-466.817
-481.069
-486.77
-475.368
-475.368
-463.966
-466.817
-441.163
-406.957
-361.35
-318.594
-264.436
-215.978
-136.166
-67.7552
32.0102
117.523
205.887
322.755
482.38
636.304
790.228
952.703
1095.22
1252
1385.97
1480.03
1528.49
1562.7
1571.25
1525.64
1423.03
1277.65
1103.78
915.647
681.911
416.82
137.476
-136.166
-395.556
-654.946
-925.737
-1165.17
-1350.45
-1507.23
-1644.05
-1758.07
-1829.33
-1860.68
-1857.83
-1846.43
-1832.18
-1778.02
-1721.01
-1672.55
-1649.75
-1606.99
-1572.79
-1544.28
-1495.83
-1467.32
-1427.41
-1364.71
-1299.15
-1210.78
-1082.51
-942.84
-771.814
-575.133
-341.397
-99.1101
165.981
442.474
718.967
1009.71
1277.65
1502.84
1702.37
1890.5
2035.87
2155.59
2186.94
2186.94
2161.29
2112.83
2021.62
1896.2
1747.98
1605.45
1480.03
1346.06
1194.99
1078.12
1009.71
949.852
889.993
844.386
824.433
813.031
801.629
773.125
696.163
633.453
576.445
462.427
314.204
126.075
-39.2508
-215.978
-421.21
-646.394
-905.784
-1142.37
-1376.11
-1609.84
-1852.13
-2108.67
-2328.15
-2547.64
-2752.87
-2946.7
-3134.83
-3308.71
-3448.38
-3593.75
-3590.9
-3608
-3539.59
-3422.72
-3257.4
-2992.31
-2641.7
-2239.79
-1883.49
-1444.52
-942.84
-409.808
57.6641
547.94
986.908
1451.53
1856.29
2178.39
2377.92
2588.86
2762.73
2865.35
2828.29
2705.72
2617.36
2509.04
2349.42
2070.08
1807.83
1582.65
1388.82
1175.04
912.796
642.005
505.184
376.914
208.737
9.20675
-119.063
-193.175
-310.042
-463.966
-634.993
-751.861
-868.729
-1014.1
-1222.18
-1398.91
-1561.39
-1689.66
-1826.48
-1974.7
-2077.32
-2043.11
-1991.8
-1906.29
-1726.71
-1512.93
-1162.32
-780.365
-341.397
83.3181
582.145
1112.33
1628.26
2101.43
2563.2
2996.47
3361.32
3666.32
3885.81
3991.27
4008.37
3965.62
3828.8
3603.61
3261.56
2908.1
2477.69
2033.02
1531.34
1009.71
470.978
-36.4004
-501.022
-988.447
-1467.32
-1877.78
-2245.49
-2601.8
-2943.85
-3303
-3582.35
-3878.79
-4129.63
-4434.63
-4651.26
-4782.38
-4885
-4927.76
-4993.32
-4950.56
-4733.93
-4440.33
-4169.54
-3841.74
-3399.92
-2824.13
-2231.24
-1626.95
-1045.46
-361.35
359.811
1049.62
1611.15
2132.78
2677.22
3158.94
3546.6
3723.33
3891.51
4011.23
4102.44
4048.28
3863
3629.27
3424.03
3201.7
2882.45
2491.94
2138.49
1836.34
1511.39
1172.19
813.031
519.436
302.802
80.4676
-164.67
-384.154
-558.031
-674.899
-820.271
-1008.4
-1165.17
-1293.44
-1384.66
-1487.27
-1606.99
-1646.9
-1652.6
-1598.44
-1492.98
-1413.16
-1236.44
-974.195
-640.693
-318.594
43.4119
485.23
947.002
1391.67
1836.34
2215.45
2571.75
2891
3138.99
3250.16
3275.81
3250.16
3121.89
2893.85
2514.74
2092.88
1585.5
1023.96
405.418
-270.137
-994.148
-1715.31
-2336.71
-3009.41
-3650.76
-4212.3
-4651.26
-4979.06
-5178.59
-5312.57
-5323.97
-5238.45
-4979.06
-4625.61
-4226.55
-3784.73
-3300.15
-2718.66
-2185.63
-1658.3
-1190.83
-692.001
-244.483
177.383
493.782
744.621
981.207
1252
1440.13
1551.3
1625.41
1747.98
1896.2
2030.17
2109.98
2155.59
2286.71
2432.08
2580.3
2631.61
2660.12
2742.78
2811.19
2791.24
2680.07
2531.85
2386.47
2198.35
1907.6
1551.3
1152.23
795.928
431.072
-2.195
-455.415
-848.776
-1179.43
-1464.47
-1723.86
-1911.99
-2031.71
-2014.61
-1940.49
-1812.22
-1612.69
-1313.4
-934.289
-509.573
-90.5588
359.811
821.582
1269.1
1710.92
2047.27
2338.02
2577.45
2782.69
2865.35
2848.25
2737.08
2611.66
2386.47
2092.88
1742.27
1334.66
909.946
476.679
32.0102
-469.667
-925.737
-1390.36
-1849.28
-2325.3
-2767.12
-3217.49
-3588.05
-3935.8
-4218
-4428.93
-4602.81
-4674.07
-4679.77
-4602.81
-4463.13
-4220.85
-3944.35
-3576.65
-3186.14
-2701.56
-2202.73
-1669.7
-1102.46
-509.573
34.8606
553.641
1021.11
1440.13
1853.44
2147.04
2477.69
2705.72
2922.36
3093.38
3210.25
3258.71
3253.01
3255.86
3235.91
3196
3121.89
2990.77
2879.6
2776.98
2611.66
2432.08
2209.75
2027.32
1836.34
1605.45
1326.11
1066.72
807.33
567.893
305.653
9.20675
-238.782
-481.069
-689.151
-828.823
-1011.25
-1096.76
-1122.42
-1130.97
-1056.86
-920.037
-717.655
-481.069
-187.474
160.28
533.688
941.301
1366.02
1739.42
2098.58
2403.58
2702.87
2879.6
3019.27
3033.52
3019.27
2865.35
2645.86
2366.52
1961.76
1511.39
1023.96
493.782
-107.661
-683.45
-1319.1
-1923.39
-2573.29
-3143.38
-3741.97
-4275
-4742.48
-5158.64
-5446.54
-5671.72
-5788.59
-5799.99
-5714.48
-5520.65
-5192.85
-4827.99
-4389.02
-3901.6
-3305.86
-2701.56
-2088.72
-1481.57
-882.981
-307.192
234.391
733.219
1109.48
1491.44
1799.28
2092.88
2303.81
2434.93
2551.8
2668.67
2745.63
2774.13
2774.13
2765.58
2759.88
2757.03
2705.72
2580.3
2509.04
2414.98
2298.11
2118.53
1933.25
1716.62
1482.88
1220.64
921.348
616.351
305.653
-7.89589
-335.696
-654.946
-954.242
-1173.73
-1370.41
-1538.58
-1655.45
-1692.51
-1666.85
-1578.49
-1433.12
-1239.29
-988.447
-643.544
-244.483
148.878
573.594
1038.22
1477.18
1907.6
2295.26
2600.26
2865.35
3084.83
3187.45
3204.55
3113.34
2965.11
2717.13
2363.67
1941.81
1454.38
889.993
311.354
-295.79
-974.195
-1675.4
-2385.16
-3043.61
-3682.11
-4303.51
-4862.2
-5372.42
-5757.23
-5953.91
-6107.84
-6187.65
-6136.34
-5959.61
-5634.66
-5215.65
-4753.88
-4212.3
-3590.9
-2912.49
-2208.44
-1549.98
-891.532
-250.183
376.914
941.301
1363.17
1739.42
2104.28
2406.43
2671.52
2814.04
2910.96
3024.97
3138.99
3221.65
3204.55
3184.6
3198.85
3207.4
3181.75
3076.28
2970.81
2899.55
2799.79
2660.12
2446.33
2209.75
1998.81
1785.03
1474.33
1120.88
761.723
448.175
131.776
-241.632
-589.386
-908.635
-1153.77
-1327.65
-1501.53
-1609.84
-1629.8
-1541.43
-1413.16
-1236.44
-945.691
-603.638
-150.418
314.204
795.928
1286.2
1779.33
2286.71
2734.23
3073.43
3352.77
3577.96
3720.48
3751.83
3623.57
3418.33
3133.29
2754.18
2269.61
1708.07
1063.87
408.269
-284.389
-1045.46
-1837.88
-2621.75
-3320.11
-4032.72
-4662.66
-5258.41
-5777.19
-6056.53
-6224.71
-6327.32
-6318.77
-6210.45
-5919.71
-5494.99
-5044.62
-4525.84
-3935.8
-3243.15
-2502.03
-1812.22
-1165.17
-503.872
140.327
744.621
1232.05
1568.4
1950.36
2298.11
2605.96
2808.34
2905.25
3042.08
3196
3327.12
3355.62
3341.37
3361.32
3429.74
3478.19
3435.44
3335.67
3295.76
3238.76
3136.14
2939.46
2688.62
2454.88
2226.85
1927.55
1517.09
1109.48
736.069
388.315
-2.195
-409.808
-786.066
-1082.51
-1287.74
-1450.22
-1606.99
-1652.6
-1587.04
-1424.56
-1199.38
-917.186
-560.881
-127.614
376.914
881.442
1357.47
1844.89
2332.32
2776.98
3119.04
3386.98
3566.56
3663.47
3672.02
3540.9
3287.21
2908.1
2526.15
2013.07
1434.43
736.069
17.7581
-703.403
-1521.48
-2353.81
-3140.53
-3901.6
-4602.81
-5227.05
-5802.84
-6250.36
-6498.35
-6612.37
-6675.08
-6600.96
-6441.34
-6070.78
-5603.31
-5075.98
-4528.69
-3898.75
-3160.48
-2405.12
-1709.61
-1042.61
-398.406
274.298
872.89
1340.36
1716.62
2092.88
2457.74
2745.63
2945.16
3027.82
3161.79
3338.52
3461.09
3483.89
3478.19
3489.59
3546.6
3555.15
3472.49
3344.22
3267.26
3184.6
3044.93
2819.74
2537.55
2298.11
2044.42
1696.67
1277.65
867.189
502.333
154.579
-244.483
-654.946
-1019.8
-1293.44
-1495.83
-1621.24
-1775.17
-1812.22
-1683.95
-1492.98
-1199.38
-902.934
-498.171
3.50587
545.09
1092.37
1605.45
2084.33
2625.91
3101.93
3435.44
3672.02
3840.2
3925.71
3894.36
3703.38
3378.43
2985.07
2466.29
1904.75
1206.39
405.418
-446.864
-1284.89
-2185.63
-3106.32
-3989.96
-4799.49
-5529.2
-6147.74
-6677.93
-6977.22
-7145.4
-7188.15
-7051.33
-6880.31
-6526.85
-5999.52
-5392.38
-4802.34
-4121.08
-3379.97
-2556.19
-1806.52
-1093.91
-418.359
225.84
821.582
1334.66
1708.07
2050.12
2397.88
2677.22
2896.7
2990.77
3138.99
3307.17
3463.94
3523.8
3569.41
3612.16
3686.27
3768.94
3771.79
3689.13
3629.27
3580.81
3446.84
3224.5
2919.51
2637.31
2349.42
2001.66
1557
1123.73
684.761
285.7
-130.465
-612.189
-1014.1
-1327.65
-1532.88
-1721.01
-1874.93
-1897.74
-1800.82
-1589.89
-1307.7
-985.597
-566.582
-84.8579
493.782
1058.17
1605.45
2129.93
2662.97
3147.54
3495.3
3760.39
3928.56
4025.48
3991.27
3820.25
3472.49
3073.43
2554.65
1953.21
1197.84
379.764
-523.825
-1427.41
-2356.66
-3311.56
-4215.15
-5073.13
-5825.64
-6489.8
-6937.32
-7259.42
-7421.89
-7393.39
-7242.31
-6980.07
-6504.05
-5911.16
-5269.81
-4568.6
-3824.64
-2989.46
-2157.13
-1364.71
-643.544
49.1128
667.659
1203.54
1619.71
1941.81
2226.85
2500.49
2725.68
2816.89
2905.25
3010.72
3156.09
3247.31
3304.32
3341.37
3426.88
3569.41
3666.32
3669.17
3654.92
3660.62
3637.82
3546.6
3329.97
3084.83
2828.29
2529
2115.68
1631.11
1126.58
656.257
211.588
-318.594
-791.767
-1205.08
-1538.58
-1712.46
-1926.24
-2057.36
-2017.46
-1829.33
-1501.53
-1170.88
-737.608
-204.576
388.315
1052.47
1656.76
2209.75
2754.18
3272.96
3680.57
3962.77
4093.89
4145.2
4102.44
3871.55
3495.3
2996.47
2389.32
1730.87
941.301
57.6641
-951.391
-1937.64
-2855.49
-3818.93
-4751.03
-5606.16
-6347.27
-6954.42
-7290.77
-7507.4
-7610.02
-7544.46
-7319.27
-6940.17
-6409.98
-5802.84
-5138.69
-4408.98
-3630.81
-2792.78
-2023.16
-1264.94
-563.732
137.476
744.621
1223.49
1611.15
1976.01
2295.26
2566.05
2768.43
2845.39
2965.11
3130.44
3304.32
3384.13
3441.14
3512.4
3654.92
3771.79
3817.4
3791.74
3768.94
3746.13
3700.53
3558.01
3275.81
3005.02
2717.13
2360.82
1893.35
1380.27
872.89
408.269
-84.8579
-580.834
-1113.87
-1498.68
-1723.86
-1949.05
-2111.52
-2162.83
-2085.87
-1786.57
-1353.3
-965.644
-449.714
157.43
867.189
1551.3
2169.84
2757.03
3321.42
3811.69
4190.8
4393.18
4453.04
4444.49
4276.32
3959.92
3441.14
2776.98
2078.63
1303.31
334.157
-689.151
-1795.12
-2852.64
-3867.39
-4813.74
-5757.23
-6603.81
-7236.61
-7661.33
-7835.2
-7969.18
-7909.32
-7709.79
-7310.72
-6786.24
-6124.94
-5463.64
-4748.18
-3941.5
-3114.88
-2316.75
-1587.04
-857.327
-170.371
482.38
992.609
1425.88
1747.98
2141.34
2457.74
2728.53
2859.65
2982.22
3193.15
3429.74
3600.76
3680.57
3788.89
3911.46
4113.84
4210.76
4219.31
4145.2
4148.05
4096.74
3939.96
3669.17
3349.92
3044.93
2685.77
2221.15
1659.61
1095.22
582.145
100.421
-455.415
-982.746
-1438.82
-1712.46
-1900.59
-2071.61
-2162.83
-2097.27
-1866.38
-1487.27
-1093.91
-652.095
-107.661
510.884
1206.39
1836.34
2380.77
2913.81
3424.03
3840.2
4110.99
4196.5
4230.71
4142.35
3905.76
3495.3
2896.7
2261.05
1528.49
656.257
-344.248
-1450.22
-2502.03
-3485.43
-4451.73
-5395.23
-6241.81
-6931.62
-7342.08
-7570.11
-7724.04
-7692.68
-7527.36
-7153.95
-6623.77
-6019.47
-5366.72
-4645.56
-3836.04
-2986.61
-2219.84
-1470.17
-726.207
-13.5968
656.257
1197.84
1619.71
2010.22
2397.88
2711.42
2948.01
3053.48
3178.9
3358.47
3540.9
3663.47
3723.33
3800.29
3922.86
4076.79
4179.4
4185.1
4179.4
4219.31
4185.1
4073.93
3854.45
3623.57
3355.62
3002.17
2531.85
2033.02
1517.09
1023.96
542.239
-24.9985
-543.778
-988.447
-1276.34
-1532.88
-1721.01
-1803.67
-1749.51
-1564.24
-1225.03
-851.626
-412.658
128.925
753.172
1397.37
1978.86
2546.1
3067.73
3558.01
3894.36
4122.39
4216.46
4207.91
4042.58
3737.58
3204.55
2568.9
1827.79
964.104
-30.6995
-1165.17
-2311.05
-3388.52
-4423.23
-5420.88
-6293.12
-7074.14
-7538.76
-7786.75
-7937.82
-7909.32
-7729.74
-7347.78
-6754.89
-6067.93
-5346.77
-4582.85
-3719.17
-2784.22
-1940.49
-1165.17
-432.611
285.7
958.404
1494.29
1870.54
2189.79
2500.49
2765.58
2959.41
2996.47
3024.97
3138.99
3292.91
3386.98
3424.03
3483.89
3603.61
3811.69
3965.62
3996.97
4039.73
4122.39
4173.7
4159.45
3974.17
3743.28
3540.9
3258.71
2819.74
2283.86
1716.62
1183.59
701.864
97.5703
-523.825
-1062.56
-1458.77
-1732.41
-1986.1
-2177.08
-2219.84
-2003.2
-1655.45
-1299.15
-845.925
-281.538
402.568
1146.53
1813.54
2397.88
2970.81
3532.35
3971.32
4199.35
4273.47
4225.01
4079.64
3731.88
3144.69
2380.77
1528.49
542.239
-555.18
-1783.72
-3069.27
-4300.66
-5358.17
-6421.39
-7362.03
-8100.3
-8559.22
-8718.84
-8775.85
-8636.18
-8373.94
-7846.61
-7142.55
-6321.62
-5560.55
-4733.93
-3813.23
-2846.93
-2008.9
-1293.44
-609.339
46.2624
630.603
1066.72
1334.66
1528.49
1770.78
1938.95
2070.08
2004.52
2033.02
2141.34
2306.66
2406.43
2474.84
2611.66
2831.14
3104.79
3298.61
3438.29
3523.8
3697.68
3786.04
3763.24
3569.41
3378.43
3136.14
2859.65
2363.67
1782.18
1197.84
573.594
-5.04545
-643.544
-1293.44
-1880.63
-2202.73
-2530.54
-2721.51
-2838.38
-2732.92
-2442.17
-2023.16
-1541.43
-971.345
-332.846
433.923
1206.39
1850.59
2454.88
2959.41
3469.64
3760.39
3848.75
3766.09
3597.91
3190.3
2645.86
1870.54
892.843
-201.726
-1356.15
-2624.6
-3967.16
-5252.71
-6401.43
-7396.24
-8296.98
-8966.83
-9328.84
-9457.11
-9428.6
-9126.45
-8724.54
-8088.89
-7213.81
-6264.61
-5332.52
-4360.52
-3351.46
-2288.25
-1359
-563.732
168.831
844.386
1434.43
1844.89
2107.13
2261.05
2432.08
2560.35
2620.21
2506.19
2466.29
2574.6
2697.17
2757.03
2819.74
2936.61
3161.79
3449.69
3663.47
3794.59
3908.61
4088.19
4219.31
4216.46
4028.33
3854.45
3617.86
3275.81
2805.49
2252.5
1636.81
1061.02
459.576
-241.632
-920.037
-1498.68
-1903.44
-2219.84
-2496.33
-2636
-2553.34
-2311.05
-1900.59
-1453.07
-905.784
-247.333
508.034
1277.65
1956.06
2543.25
3124.74
3626.42
3942.81
4068.23
4014.08
3817.4
3463.94
2876.75
2092.88
1115.18
12.0572
-1165.17
-2476.38
-3793.28
-5104.48
-6256.06
-7299.32
-8182.96
-8861.36
-9189.16
-9325.98
-9240.47
-8932.62
-8476.55
-7761.09
-6854.65
-5831.35
-4862.2
-3830.34
-2767.12
-1683.95
-754.711
69.0659
761.723
1437.28
1961.76
2318.06
2531.85
2668.67
2765.58
2856.8
2868.2
2708.57
2685.77
2717.13
2836.84
2896.7
2965.11
3116.19
3404.08
3711.93
3962.77
4150.9
4330.47
4555.66
4729.54
4769.44
4638.32
4492.95
4259.21
3945.66
3438.29
2842.54
2189.79
1574.1
898.544
203.037
-481.069
-1091.06
-1467.32
-1783.72
-1974.7
-2048.81
-1886.34
-1552.83
-1054.01
-512.424
117.523
832.984
1625.41
2414.98
3053.48
3609.31
4099.59
4498.65
4681.08
4652.57
4415.99
4048.28
3418.33
2645.86
1582.65
356.961
-959.943
-2345.26
-3713.47
-5138.69
-6398.58
-7527.36
-8430.95
-9143.56
-9508.41
-9665.19
-9576.82
-9200.57
-8681.79
-7909.32
-6971.52
-5914.01
-4830.84
-3736.27
-2644.55
-1492.98
-503.872
411.119
1186.44
1864.84
2434.93
2802.64
3044.93
3178.9
3247.31
3261.56
3250.16
3093.38
3039.22
3042.08
3121.89
3176.05
3241.61
3372.73
3615.01
3905.76
4165.15
4367.53
4544.26
4766.59
4917.67
4980.37
4840.7
4698.18
4458.74
4116.69
3629.27
2999.32
2338.02
1688.12
1035.37
265.746
-452.564
-1085.36
-1512.93
-1826.48
-2063.06
-2159.98
-2040.26
-1661.15
-1153.77
-558.031
83.3181
870.04
1716.62
2571.75
3275.81
3911.46
4444.49
4914.81
5157.1
5188.46
4983.23
4604.12
4071.08
3278.66
2249.65
947.002
-361.35
-1823.63
-3237.44
-4762.43
-6104.99
-7316.42
-8271.32
-9046.64
-9511.26
-9648.08
-9648.08
-9263.28
-8798.65
-8057.54
-7185.3
-6076.48
-5033.22
-3924.4
-2878.29
-1758.07
-737.608
148.878
935.6
1568.4
2147.04
2494.79
2796.94
2882.45
3002.17
2982.22
3064.88
2925.21
2842.54
2845.39
2930.91
3024.97
3096.23
3230.2
3424.03
3777.49
4036.88
4290.57
4421.69
4624.07
4766.59
4894.86
4749.49
4558.51
4310.52
3962.77
3475.34
2851.1
2166.99
1437.28
781.676
20.6085
-694.852
-1427.41
-1900.59
-2262.59
-2496.33
-2613.2
-2516.28
-2202.73
-1678.25
-1065.41
-375.603
411.119
1223.49
2141.34
2916.66
3586.51
4102.44
4598.42
4892.01
4957.57
4775.14
4376.08
3803.14
3019.27
1936.1
616.351
-868.729
-2370.91
-3875.94
-5435.13
-6874.61
-8202.91
-9203.42
-10012.9
-10412
-10597.3
-10557.4
-10192.5
-9656.64
-8869.91
-7923.57
-6834.7
-5748.68
-4602.81
-3445.53
-2316.75
-1284.89
-369.902
419.67
1126.58
1653.91
2052.97
2281.01
2437.78
2529
2540.4
2568.9
2429.23
2414.98
2466.29
2568.9
2668.67
2785.54
2976.52
3264.41
3620.71
3925.71
4187.95
4418.84
4678.23
4857.81
4931.92
4829.3
4632.62
4393.18
4016.93
3495.3
2845.39
2118.53
1348.91
596.398
-264.436
-959.943
-1641.2
-2159.98
-2436.47
-2670.21
-2650.25
-2467.83
-1997.5
-1421.71
-680.6
91.8694
1021.11
1930.4
2893.85
3746.13
4435.94
5031.68
5484.9
5732.89
5690.13
5430.74
4914.81
4244.96
3233.05
2090.03
619.201
-885.831
-2482.08
-4029.87
-5566.25
-6971.52
-8174.41
-9137.86
-9776.35
-10052.8
-10078.5
-9921.73
-9368.74
-8761.6
-7843.76
-6809.05
-5674.57
-4599.95
-3431.27
-2322.45
-1210.78
-238.782
570.744
1280.5
1873.39
2375.07
2654.42
2808.34
2868.2
2959.41
2985.07
2990.77
2851.1
2899.55
3027.82
3233.05
3392.68
3569.41
3834.5
4219.31
4646.87
4934.77
5205.56
5425.04
5698.69
5824.11
5792.75
5573.27
5291.07
4949.02
4455.89
3783.19
3030.67
2241.1
1448.68
690.462
-184.623
-945.691
-1584.19
-1983.25
-2265.44
-2410.82
-2373.76
-2134.32
-1621.24
-979.896
-278.688
465.277
1360.32
2232.55
3121.89
3840.2
4424.54
4917.67
5302.47
5422.19
5271.12
4880.61
4316.22
3589.36
2537.55
1254.85
-253.034
-1800.82
-3368.56
-4913.5
-6492.65
-7889.36
-9063.74
-9970.18
-10597.3
-10831
-10868.1
-10625.8
-10050
-9351.64
-8422.4
-7364.88
-6187.65
-5101.63
-3941.5
-2861.19
-1803.67
-857.327
-64.9048
604.949
1175.04
1616.86
1896.2
2081.48
2178.39
2261.05
2318.06
2352.27
2266.76
2366.52
2517.59
2739.93
2939.46
3167.49
3449.69
3834.5
4250.66
4544.26
4806.5
4986.08
5174.2
5262.57
5194.16
4909.11
4612.67
4187.95
3603.61
2910.96
2129.93
1280.5
473.829
-295.79
-1156.62
-1863.53
-2467.83
-2829.83
-3032.21
-3074.97
-2989.46
-2658.81
-2071.61
-1401.76
-617.89
171.682
1032.51
1916.15
2802.64
3466.79
4019.78
4427.39
4709.58
4749.49
4532.86
4039.73
3364.18
2511.89
1374.57
40.5615
-1521.48
-2992.31
-4520.14
-5922.56
-7362.03
-8570.62
-9579.67
-10292.3
-10697
-10737
-10617.2
-10275.2
-9571.12
-8821.46
-7812.4
-6726.38
-5566.25
-4503.04
-3303
-2219.84
-1119.57
-210.277
650.556
1383.12
2035.87
2514.74
2833.99
3124.74
3284.36
3483.89
3580.81
3674.87
3623.57
3808.84
3968.47
4187.95
4350.43
4555.66
4789.4
5122.9
5410.79
5584.67
5724.34
5767.1
5852.61
5781.35
5598.92
5205.56
4837.85
4313.37
3703.38
2962.26
2155.59
1297.61
545.09
-292.94
-1136.67
-1826.48
-2422.22
-2721.51
-2903.94
-2983.76
-2946.7
-2607.5
-2102.97
-1433.12
-757.562
-22.1481
787.377
1688.12
2531.85
3196
3723.33
4145.2
4407.44
4458.74
4264.91
3788.89
3227.35
2463.44
1408.77
131.776
-1244.99
-2690.16
-4024.17
-5378.13
-6703.58
-7863.71
-8787.25
-9408.65
-9790.61
-9887.52
-9824.81
-9499.86
-8958.28
-8316.93
-7490.3
-6458.44
-5366.72
-4326.31
-3248.85
-2234.09
-1216.48
-255.884
550.791
1249.15
1887.65
2406.43
2825.44
3121.89
3329.97
3529.5
3703.38
3840.2
3857.3
3988.42
4125.24
4304.82
4458.74
4592.71
4712.43
4914.81
5151.4
5271.12
5328.13
5291.07
5262.57
5174.2
4968.97
4569.91
4153.75
3558.01
2833.99
2035.87
1061.02
66.2154
-854.476
-1721.01
-2581.84
-3331.51
-3981.41
-4320.61
-4463.13
-4474.54
-4289.26
-3901.6
-3340.06
-2559.04
-1738.11
-925.737
-44.9517
864.339
1747.98
2452.03
3053.48
3506.7
3860.15
3999.82
3911.46
3520.95
2970.81
2255.35
1263.4
123.224
-1262.09
-2644.55
-3930.1
-5161.49
-6524
-7572.96
-8530.71
-9231.92
-9611.03
-9702.24
-9625.28
-9385.84
-8838.56
-8271.32
-7464.65
-6618.07
-5540.6
-4562.9
-3471.18
-2464.98
-1364.71
-349.949
519.436
1340.36
2081.48
2685.77
3113.34
3558.01
3766.09
4031.18
4193.65
4407.44
4413.14
4547.11
4675.38
4883.46
5057.34
5162.8
5311.03
5482.05
5707.24
5801.3
5895.37
5775.65
5707.24
5567.57
5345.23
4889.16
4398.88
3823.1
3136.14
2338.02
1391.67
419.67
-560.881
-1378.96
-2245.49
-3037.91
-3722.02
-4138.18
-4400.42
-4414.68
-4286.41
-4061.22
-3465.48
-2724.37
-1863.53
-1036.9
-96.2597
832.984
1847.74
2697.17
3404.08
3988.42
4444.49
4752.34
4803.65
4604.12
4133.79
3572.26
2742.78
1708.07
396.867
-897.233
-2276.85
-3573.8
-4847.94
-6122.09
-7156.8
-7897.91
-8419.54
-8830.01
-8835.71
-8710.29
-8413.84
-7957.77
-7396.24
-6717.83
-5788.59
-4810.89
-3907.3
-2915.34
-1971.85
-988.447
-5.04545
864.339
1582.65
2318.06
2930.91
3472.49
3908.61
4227.86
4538.56
4852.1
5142.85
5254.02
5419.34
5576.12
5769.95
5875.41
5940.97
5875.41
5889.67
5952.37
5875.41
5712.94
5430.74
5154.25
4886.31
4552.81
3977.02
3372.73
2700.02
2030.17
1286.2
488.081
-335.696
-1025.5
-1567.09
-2140.03
-2650.25
-3060.72
-3220.34
-3211.79
-3032.21
-2846.93
-2502.03
-1877.78
-1168.02
-441.163
277.148
1041.07
1839.19
2691.47
3398.38
3928.56
4336.18
4692.48
4840.7
4766.59
4421.69
3825.95
3156.09
2238.25
1069.57
-275.837
-1564.24
-2889.69
-4041.27
-5212.8
-6324.47
-7168.2
-7781.05
-8154.45
-8419.54
-8294.13
-8148.75
-7806.7
-7287.92
-6703.58
-6002.37
-5053.17
-4095.43
-3183.29
-2142.88
-1210.78
-170.371
844.386
1756.53
2483.39
3301.47
3971.32
4606.97
5085.84
5439.3
5752.84
6054.99
6311.53
6320.08
6399.89
6397.04
6439.8
6345.74
6206.06
5869.71
5658.78
5504.86
5159.95
4681.08
4170.85
3709.08
3250.16
2691.47
1913.3
1203.54
453.876
-210.277
-1048.31
-1917.69
-2755.72
-3476.88
-4058.37
-4642.71
-5152.94
-5512.1
-5643.22
-5606.16
-5369.57
-5170.04
-4705.42
-4046.97
-3237.44
-2362.36
-1507.23
-609.339
319.905
1291.91
2075.78
2734.23
3278.66
3788.89
4065.38
4125.24
3882.96
3409.78
2819.74
1993.11
838.685
-444.013
-1758.07
-3089.22
-4263.6
-5537.75
-6677.93
-7635.67
-8288.42
-8792.95
-9112.2
-9106.5
-8935.47
-8544.96
-8023.33
-7456.1
-6797.64
-5762.93
-4722.52
-3690.66
-2584.69
-1518.63
-355.649
807.33
1787.88
2662.97
3526.65
4310.52
5048.79
5584.67
6015.08
6397.04
6790.4
7044.09
7078.3
7035.54
6958.58
6753.35
6462.6
6160.46
5764.25
5601.77
5473.5
5328.13
5134.3
4852.1
4567.06
4264.91
3786.04
3147.54
2412.13
1582.65
793.078
-158.969
-1156.62
-2234.09
-3140.53
-3915.85
-4688.32
-5423.73
-5911.16
-6164.85
-6122.09
-5959.61
-5822.79
-5343.92
-4651.26
-3736.27
-2778.52
-1923.39
-1011.25
12.0572
958.404
1796.43
2423.53
2928.06
3401.23
3612.16
3620.71
3310.02
2785.54
2215.45
1363.17
220.139
-1079.66
-2445.02
-3665.01
-4773.83
-6028.03
-7014.28
-7858.01
-8485.11
-8801.5
-8969.68
-8852.81
-8627.63
-8182.96
-7595.77
-7000.03
-6295.97
-5264.11
-4337.71
-3320.11
-2259.74
-1307.7
-204.576
827.283
1753.68
2614.51
3421.18
4148.05
4929.07
5385.14
5818.4
6131.95
6422.7
6733.4
6853.11
6944.33
7089.7
7203.72
7326.29
7274.98
6964.28
6810.36
6436.95
6009.38
5402.24
4644.02
4014.08
3401.23
2628.76
1713.77
718.967
-210.277
-1150.92
-2219.84
-3228.89
-4286.41
-5050.32
-5685.97
-6441.34
-6997.18
-7313.57
-7359.18
-7091.24
-6794.79
-6466.99
-5774.34
-4990.47
-4018.47
-3089.22
-2202.73
-1259.24
-298.641
681.911
1480.03
2007.37
2551.8
2973.66
3116.19
3113.34
2697.17
2212.6
1579.8
696.163
-449.714
-1683.95
-3077.82
-4198.04
-5292.61
-6424.24
-7319.27
-8034.74
-8505.06
-8892.72
-8992.48
-8963.98
-8798.65
-8445.2
-7892.21
-7390.54
-6660.82
-5737.28
-4825.14
-3890.2
-2935.3
-1957.6
-925.737
12.0572
787.377
1545.59
2204.05
2811.19
3347.07
3737.58
4002.67
4282.02
4572.76
4675.38
4683.93
4732.39
4823.6
4872.06
4874.91
4815.05
4706.73
4766.59
4815.05
4803.65
4632.62
4370.38
4193.65
3965.62
3501
2888.15
2261.05
1639.66
944.151
205.887
-626.441
-1501.53
-2194.18
-2758.57
-3431.27
-3984.26
-4257.9
-4354.82
-4166.69
-3910.15
-3613.7
-3055.02
-2219.84
-1387.51
-518.125
222.99
1095.22
2004.52
2919.51
3563.71
4022.63
4481.55
4760.89
4866.36
4695.33
4299.12
3634.97
2990.77
1990.26
793.078
-597.937
-1880.63
-3069.27
-4283.56
-5418.03
-6395.73
-7153.95
-7672.73
-7972.03
-8123.1
-7926.42
-7761.09
-7273.67
-6703.58
-6119.24
-5232.75
-4183.79
-3254.55
-2205.59
-1202.23
-178.922
921.348
1844.89
2776.98
3509.55
4196.5
4837.85
5234.06
5464.95
5630.28
5687.28
5752.84
5653.08
5490.6
5427.89
5373.74
5333.83
5305.32
5097.24
5034.53
4991.78
4863.51
4655.42
4216.46
3911.46
3555.15
3067.73
2523.3
1713.77
927.049
242.943
-660.647
-1532.88
-2464.98
-3391.37
-3961.46
-4554.35
-5144.39
-5483.59
-5609.01
-5489.29
-5338.22
-5118.74
-4705.42
-4135.33
-3248.85
-2342.41
-1587.04
-612.189
342.708
1314.71
2261.05
2862.5
3389.83
3922.86
4153.75
4205.05
3948.52
3466.79
2856.8
2001.66
981.207
-369.902
-1729.56
-2835.53
-4041.27
-5172.89
-6130.64
-7094.09
-7649.93
-7994.83
-8268.47
-8168.71
-7974.88
-7649.93
-7082.69
-6552.51
-5857
-4924.91
-3915.85
-2932.45
-1966.15
-900.084
225.84
1220.64
2292.41
3193.15
3996.97
4966.12
5741.44
6377.09
6932.93
7323.44
7651.24
7819.41
7591.38
7349.09
6938.63
6425.55
5921.02
5356.63
4857.81
4495.8
4253.51
3902.91
3270.11
2634.46
2164.14
1525.64
887.143
100.421
-754.711
-1512.93
-2245.49
-2992.31
-3838.89
-4659.81
-5241.3
-5705.93
-6199.05
-6592.41
-6834.7
-6797.64
-6581.01
-6313.07
-5888.35
-5378.13
-4611.36
-3636.51
-2761.42
-1883.49
-857.327
151.729
1194.99
2027.32
2614.51
3178.9
3569.41
3837.35
3808.84
3512.4
3090.53
2551.8
1747.98
758.873
-461.116
-1609.84
-2630.3
-3716.32
-4719.67
-5674.57
-6401.43
-6886.01
-7225.21
-7436.14
-7353.48
-7145.4
-6686.48
-6156.3
-5583.36
-4822.29
-3844.59
-2815.58
-1852.13
-803.169
279.998
1454.38
2511.89
3526.65
4321.92
5043.08
5675.88
6217.47
6576.62
6847.41
7101.1
7314.89
7437.45
7377.59
7354.79
7160.96
7032.69
6682.09
6285.88
5969.48
5844.06
5735.74
5521.96
5245.47
4889.16
4561.36
4150.9
3717.63
3002.17
2281.01
1690.97
1049.62
308.503
-446.864
-1225.03
-1840.73
-2402.27
-3020.81
-3505.39
-3893.05
-3913
-3813.23
-3690.66
-3465.48
-3026.51
-2328.15
-1447.37
-700.553
63.365
958.404
1830.64
2768.43
3418.33
3914.31
4344.73
4661.13
4792.25
4644.02
4216.46
3680.57
2985.07
2081.48
924.198
-446.864
-1661.15
-2881.14
-4089.73
-5167.19
-6230.41
-7048.48
-7538.76
-7974.88
-8194.36
-8125.95
-7937.82
-7515.96
-7031.38
-6424.24
-5634.66
-4594.25
-3556.69
-2584.69
-1549.98
-441.163
661.958
1668.16
2614.51
3341.37
4159.45
4894.86
5368.03
5590.37
5749.99
5809.85
5886.81
5784.2
5493.45
5251.17
5094.39
4940.47
4658.27
4435.94
4190.8
4065.38
3805.99
3409.78
2816.89
2249.65
1753.68
1234.9
650.556
-141.867
-868.729
-1527.18
-2205.59
-3006.56
-3727.72
-4408.98
-4922.05
-5415.18
-5953.91
-6441.34
-6720.68
-6640.87
-6484.1
-6267.46
-5953.91
-5409.48
-4591.4
-3616.55
-2838.38
-1983.25
-959.943
60.5146
1009.71
1713.77
2300.96
2833.99
3253.01
3429.74
3255.86
2885.3
2426.38
1733.72
838.685
-358.5
-1672.55
-2878.29
-4009.91
-5095.93
-6184.8
-7114.04
-7712.64
-8185.81
-8582.02
-8758.75
-8761.6
-8502.21
-8125.95
-7735.44
-7202.41
-6509.75
-5475.04
-4377.62
-3513.94
-2513.43
-1416.01
-298.641
824.433
1756.53
2577.45
3506.7
4316.22
5114.35
5647.38
6074.94
6596.57
6975.68
7149.56
6958.58
6570.92
6291.58
5938.12
5416.49
5071.59
4584.16
4353.28
4284.87
4073.93
3723.33
3284.36
3070.58
2782.69
2201.2
1525.64
795.928
111.822
-472.517
-1284.89
-2131.47
-2941
-3568.1
-4035.57
-4671.22
-5326.82
-5614.71
-5705.93
-5646.07
-5497.84
-5366.72
-4956.26
-4303.51
-3474.03
-2764.27
-2094.42
-1210.78
-261.585
545.09
1237.75
1716.62
2195.49
2677.22
2839.69
2794.09
2494.79
2070.08
1579.8
790.228
-304.342
-1458.77
-2690.16
-3761.93
-4873.6
-6059.38
-7111.19
-7915.02
-8553.52
-9097.95
-9445.7
-9556.87
-9411.5
-9126.45
-8667.53
-8279.87
-7632.82
-6626.62
-5591.91
-4665.52
-3619.4
-2539.09
-1350.45
-204.576
813.031
1730.87
2580.3
3438.29
4122.39
4564.21
4835
5148.55
5430.74
5635.98
5524.81
5416.49
5422.19
5390.84
5279.67
5097.24
4826.45
4644.02
4530.01
4162.3
3672.02
3253.01
3104.79
2956.56
2651.57
2169.84
1548.44
989.758
334.157
-523.825
-1430.27
-2311.05
-3040.76
-3593.75
-4286.41
-4933.46
-5304.01
-5409.48
-5281.21
-5138.69
-4961.96
-4508.74
-3798.98
-2912.49
-2043.11
-1262.09
-284.389
813.031
1873.39
2782.69
3463.94
4145.2
4755.19
5111.49
5208.41
5023.13
4672.53
4185.1
3432.59
2349.42
1109.48
-201.726
-1464.47
-2835.53
-4183.79
-5452.24
-6481.25
-7230.91
-7969.18
-8536.41
-8821.46
-8775.85
-8616.23
-8336.88
-8026.18
-7561.56
-6911.66
-5996.67
-5192.85
-4500.19
-3622.25
-2678.76
-1709.61
-837.374
-16.4472
718.967
1588.35
2377.92
3076.28
3563.71
4082.49
4595.57
5008.88
5245.47
5236.91
5368.03
5553.31
5692.98
5644.53
5502.01
5328.13
5362.33
5299.62
4991.78
4507.2
4065.38
3703.38
3147.54
2503.34
1728.02
995.459
376.914
-329.995
-1219.33
-1983.25
-2655.95
-3166.18
-3627.95
-4183.79
-4617.06
-4810.89
-4776.68
-4739.63
-4679.77
-4474.54
-4027.02
-3439.83
-2710.11
-2114.37
-1478.72
-649.245
203.037
1009.71
1633.96
2209.75
2722.83
3153.24
3367.03
3406.93
3278.66
3113.34
2697.17
2101.43
1243.45
248.644
-757.562
-1897.74
-3117.73
-4357.67
-5537.75
-6561.06
-7362.03
-8271.32
-8901.27
-9371.59
-9357.34
-9234.77
-9063.74
-8733.09
-8251.37
-7558.71
-6638.02
-5780.04
-5067.43
-4009.91
-3015.11
-1857.83
-925.737
54.8137
1021.11
2050.12
2976.52
3774.64
4319.07
4869.21
5439.3
5787.05
6077.79
6012.23
6134.8
6248.82
6340.03
6280.18
6126.25
5869.71
5732.89
5527.66
5191.31
4769.44
4256.36
3957.07
3475.34
2945.16
2312.36
1636.81
1078.12
545.09
-193.175
-934.289
-1601.29
-2194.18
-2744.32
-3436.98
-3932.95
-4343.42
-4520.14
-4574.3
-4614.21
-4503.04
-4155.29
-3707.77
-3052.17
-2388.01
-1760.92
-897.233
-27.849
841.535
1614
2312.36
2965.11
3509.55
3865.85
4073.93
4019.78
3931.41
3623.57
3007.87
2246.8
1260.55
208.737
-905.784
-2205.59
-3488.28
-4665.52
-5848.45
-6763.44
-7615.72
-8391.04
-8864.21
-9095.1
-9009.59
-8884.17
-8656.13
-8185.81
-7661.33
-6980.07
-6036.58
-5224.2
-4389.02
-3368.56
-2402.27
-1347.6
-355.649
679.06
1699.52
2645.86
3529.5
4327.62
4951.87
5598.92
6160.46
6639.33
7052.64
7215.12
7420.35
7480.21
7420.35
7217.97
6841.71
6445.5
6166.16
5818.4
5402.24
4789.4
4187.95
3763.24
3153.24
2546.1
1953.21
1303.31
730.368
128.925
-617.89
-1361.85
-2108.67
-2701.56
-3228.89
-3830.34
-4240.8
-4531.54
-4659.81
-4571.45
-4406.13
-4152.44
-3733.42
-3246
-2536.24
-1889.19
-1185.13
-406.957
396.867
1280.5
2041.57
2688.62
3304.32
3811.69
4176.55
4433.09
4367.53
4282.02
3945.66
3452.54
2700.02
1816.39
804.48
-298.641
-1561.39
-2767.12
-3972.86
-5141.54
-6059.38
-6968.67
-7669.88
-8299.83
-8562.07
-8607.67
-8465.15
-8279.87
-7883.66
-7493.15
-6880.31
-6065.08
-5247
-4397.57
-3479.73
-2388.01
-1333.35
-307.192
644.855
1599.75
2432.08
3253.01
3868.7
4287.72
4655.42
4991.78
5273.97
5436.45
5436.45
5450.7
5519.11
5553.31
5541.91
5456.4
5390.84
5376.59
5333.83
5114.35
4729.54
4370.38
4036.88
3640.67
3073.43
2460.59
1833.49
1203.54
545.09
-244.483
-1042.61
-1800.82
-2388.01
-2955.25
-3493.98
-3952.91
-4249.35
-4400.42
-4380.47
-4357.67
-4226.55
-3853.14
-3379.97
-2772.82
-2134.32
-1487.27
-791.767
51.9632
855.788
1559.85
2186.94
2879.6
3409.78
3831.65
4142.35
4210.76
4190.8
4028.33
3623.57
2965.11
2258.2
1368.87
405.418
-749.01
-1983.25
-3163.33
-4215.15
-5255.56
-6210.45
-7025.68
-7812.4
-8208.61
-8385.34
-8348.28
-8342.58
-8068.94
-7618.57
-7122.59
-6404.28
-5574.81
-4799.49
-3918.7
-2835.53
-1923.39
-888.682
94.7198
1126.58
2132.78
3036.37
3845.9
4609.82
5305.32
6000.83
6593.72
7058.35
7357.64
7465.96
7765.25
7887.82
7910.63
7930.58
7922.03
7916.33
7959.08
7859.32
7645.54
7300.63
6918.67
6508.21
5849.76
5174.2
4350.43
3441.14
2551.8
1528.49
479.53
-449.714
-1401.76
-2205.59
-3009.41
-3833.19
-4383.32
-4762.43
-5007.57
-5161.49
-5147.24
-4927.76
-4522.99
-3910.15
-3228.89
-2616.05
-1815.07
-900.084
-84.8579
795.928
1585.5
2306.66
2987.92
3498.15
3865.85
4071.08
4133.79
4071.08
3797.44
3347.07
2705.72
1956.06
1163.64
163.13
-1031.2
-2157.13
-3311.56
-4434.63
-5452.24
-6449.89
-7407.64
-8123.1
-8562.07
-8812.91
-8912.67
-8832.86
-8596.27
-8248.52
-7738.29
-7119.74
-6444.19
-5805.69
-5024.67
-4215.15
-3337.21
-2519.13
-1649.75
-763.262
40.5615
798.779
1559.85
2221.15
2853.95
3538.05
4091.04
4547.11
4880.61
5282.52
5641.68
5940.97
6131.95
6245.97
6251.67
6294.43
6277.33
6103.45
5795.6
5399.39
5122.9
4740.94
4205.05
3615.01
2999.32
2346.57
1668.16
912.796
137.476
-643.544
-1327.65
-1923.39
-2641.7
-3191.84
-3570.95
-3878.79
-4012.76
-4052.67
-4001.36
-3750.52
-3308.71
-2798.48
-2174.23
-1578.49
-794.617
-50.6526
761.723
1519.94
2192.64
2879.6
3466.79
3917.16
4262.06
4467.3
4501.5
4495.8
4199.35
3783.19
3178.9
2560.35
1762.23
778.826
-264.436
-1407.46
-2616.05
-3690.66
-4805.19
-5914.01
-6846.1
-7678.43
-8285.57
-8684.64
-8818.61
-8858.51
-8755.9
-8479.4
-8088.89
-7558.71
-6803.35
-6124.94
-5398.08
-4485.94
-3576.65
-2624.6
-1641.2
-743.309
137.476
1009.71
1830.64
2546.1
3158.94
3845.9
4435.94
4949.02
5387.99
5698.69
6080.64
6451.2
6650.73
6750.5
6747.65
6750.5
6767.6
6659.28
6371.39
5978.03
5635.98
5308.18
4849.25
4373.23
3780.34
3136.14
2517.59
1773.63
904.245
97.5703
-672.048
-1387.51
-2105.82
-2826.98
-3397.07
-3824.64
-4095.43
-4334.86
-4571.45
-4540.1
-4314.91
-3978.56
-3488.28
-3009.41
-2382.31
-1567.09
-723.356
29.1597
781.676
1557
2318.06
2945.16
3458.24
3837.35
4082.49
4284.87
4216.46
3985.57
3597.91
3113.34
2526.15
1813.54
821.582
-184.623
-1193.68
-2245.49
-3274.5
-4309.21
-5295.46
-6167.7
-6831.85
-7456.1
-7906.47
-8106
-8088.89
-8034.74
-7823.8
-7504.55
-7031.38
-6344.42
-5637.52
-5001.87
-4249.35
-3362.86
-2442.17
-1470.17
-586.535
265.746
1194.99
2138.49
2982.22
3649.22
4347.58
5028.83
5633.13
6169.01
6536.72
6875.92
7274.98
7577.13
7696.84
7748.15
7733.9
7779.51
7733.9
7508.72
7132.46
6739.1
6359.99
5866.86
5214.11
4430.24
3566.56
2802.64
1987.41
1009.71
66.2154
-771.814
-1515.78
-2225.54
-2909.64
-3536.74
-3992.81
-4332.01
-4551.5
-4733.93
-4751.03
-4548.65
-4135.33
-3608
-3094.92
-2464.98
-1655.45
-806.019
-27.849
753.172
1468.63
2232.55
2913.81
3498.15
3902.91
4179.4
4435.94
4515.75
4413.14
4125.24
3706.23
3196
2568.9
1690.97
750.321
-324.295
-1387.51
-2479.23
-3608
-4719.67
-5762.93
-6592.41
-7396.24
-8123.1
-8678.93
-8946.88
-9120.75
-9063.74
-9009.59
-8747.35
-8314.08
-7718.34
-6988.62
-6350.13
-5574.81
-4716.82
-3713.47
-2781.37
-1826.48
-942.84
94.7198
1015.41
1924.7
2705.72
3352.77
4091.04
4703.88
5234.06
5561.86
5903.92
6223.17
6559.52
6673.54
6770.45
6736.25
6744.8
6750.5
6556.67
6280.18
5883.96
5590.37
5205.56
4681.08
4059.68
3481.04
2839.69
2229.7
1511.39
736.069
26.3094
-700.553
-1319.1
-1986.1
-2627.45
-3117.73
-3445.53
-3682.11
-3913
-4089.73
-3975.71
-3724.87
-3399.92
-2918.2
-2439.32
-1800.82
-1005.55
-204.576
516.585
1223.49
1998.81
2731.38
3284.36
3791.74
4193.65
4458.74
4701.03
4692.48
4490.1
4159.45
3700.53
3141.84
2389.32
1460.08
416.82
-643.544
-1758.07
-3000.86
-4186.64
-5284.06
-6390.03
-7250.86
-8026.18
-8830.01
-9357.34
-9645.23
-9750.7
-9736.45
-9668.04
-9382.99
-8949.73
-8445.2
-7786.75
-7213.81
-6515.45
-5677.42
-4810.89
-3853.14
-2975.2
-2068.76
-1005.55
-7.89589
924.198
1850.59
2645.86
3518.1
4299.12
5025.98
5621.72
6069.24
6607.98
7038.39
7277.83
7443.16
7480.21
7463.11
7460.26
7266.43
7038.39
6690.64
6305.83
5958.08
5450.7
4883.46
4270.62
3643.52
3044.93
2335.17
1608.3
912.796
126.075
-540.928
-1202.23
-1934.79
-2524.83
-2966.65
-3317.26
-3556.69
-3787.58
-3816.08
-3653.61
-3417.02
-3020.81
-2616.05
-2088.72
-1433.12
-672.048
114.673
878.591
1633.96
2477.69
3238.76
3874.4
4481.55
4943.32
5359.48
5593.22
5667.33
5581.82
5353.78
4991.78
4521.45
3794.59
2950.86
2044.42
1001.16
-79.157
-1321.95
-2484.93
-3630.81
-4722.52
-5711.63
-6592.41
-7436.14
-8046.14
-8522.16
-8869.91
-8952.58
-9003.89
-8821.46
-8601.97
-8279.87
-7860.86
-7239.46
-6603.81
-5874.1
-5104.48
-4189.49
-3197.54
-2251.19
-1168.02
-213.128
827.283
1861.99
2831.14
3680.57
4532.86
5276.82
5995.13
6528.16
6907.27
7246.47
7454.56
7648.39
7628.43
7514.42
7286.38
7064.05
6761.9
6397.04
5844.06
5325.28
4817.9
4225.01
3609.31
2868.2
2161.29
1494.29
832.984
128.925
-586.535
-1284.89
-1840.73
-2425.07
-2978.05
-3493.98
-3913
-4146.73
-4363.37
-4548.65
-4605.66
-4542.95
-4297.81
-3873.09
-3488.28
-3040.76
-2427.92
-1715.31
-965.644
-253.034
522.286
1309.01
2078.63
2859.65
3489.59
4022.63
4490.1
4846.4
5020.28
5011.73
4815.05
4567.06
4145.2
3540.9
2739.93
1827.79
872.89
-184.623
-1279.19
-2479.23
-3665.01
-4716.82
-5666.02
-6623.77
-7399.09
-8071.79
-8564.92
-8904.12
-9132.15
-9183.46
-9075.15
-8878.47
-8676.08
-8450.9
-8140.2
-7675.58
-7105.49
-6484.1
-5885.5
-5141.54
-4229.4
-3243.15
-2231.24
-1213.63
-153.268
952.703
2095.73
3130.44
4065.38
5000.33
5849.76
6619.38
7175.21
7594.23
7922.03
8172.87
8272.63
8158.62
7913.48
7636.99
7343.39
6961.43
6459.75
5824.11
5256.87
4732.39
4148.05
3475.34
2788.39
2138.49
1559.85
947.002
288.55
-352.799
-900.084
-1376.11
-1877.78
-2388.01
-2829.83
-3160.48
-3331.51
-3522.49
-3764.78
-3804.68
-3702.07
-3493.98
-3183.29
-2895.39
-2527.68
-1886.34
-1159.47
-426.91
337.008
1140.83
2018.77
2899.55
3700.53
4378.93
5008.88
5610.32
6032.19
6257.37
6334.33
6237.42
6026.49
5681.58
5008.88
4207.91
3344.22
2360.82
1314.71
120.374
-1073.96
-2274
-3345.76
-4289.26
-5229.9
-6028.03
-6592.41
-7042.78
-7342.08
-7530.21
-7655.63
-7592.92
-7416.19
-7333.53
-7279.37
-7233.76
-7057.03
-6766.29
-6392.88
-5979.57
-5537.75
-4882.15
-4072.62
-3174.73
-2234.09
-1193.68
-167.521
1029.66
2169.84
3230.2
4230.71
5205.56
6137.65
6930.08
7551.47
7967.64
8329.64
8560.53
8657.44
8489.27
8221.33
7853.62
7437.45
6927.23
6274.47
5567.57
4931.92
4339.03
3731.88
3144.69
2534.7
1998.81
1531.34
1100.93
639.154
194.485
-210.277
-577.984
-982.746
-1427.41
-1900.59
-2299.65
-2638.85
-3023.66
-3317.26
-3599.45
-3813.23
-3836.04
-3787.58
-3727.72
-3348.61
-2849.78
-2313.9
-1589.89
-757.562
126.075
1112.33
2204.05
3081.98
3954.22
4812.2
5553.31
6083.5
6550.97
6776.15
6818.91
6744.8
6382.79
5855.46
5128.6
4250.66
3204.55
2152.74
924.198
-329.995
-1538.58
-2655.95
-3804.68
-4782.38
-5526.35
-6230.41
-6663.67
-6886.01
-7082.69
-7193.86
-7159.65
-7191.01
-7193.86
-7219.51
-7256.57
-7339.23
-7399.09
-7453.25
-7450.4
-7230.91
-6931.62
-6612.37
-6073.63
-5372.42
-4522.99
-3451.23
-2299.65
-1130.97
174.532
1565.55
2899.55
4170.85
5336.68
6371.39
7263.58
8016.09
8452.21
8708.75
8814.22
8737.25
8463.61
7981.89
7326.29
6633.63
5963.78
5188.46
4341.88
3566.56
2902.4
2289.56
1773.63
1232.05
761.723
416.82
146.028
-150.418
-435.462
-723.356
-985.597
-1250.69
-1587.04
-2020.31
-2470.68
-2883.99
-3379.97
-3887.34
-4397.57
-4850.79
-5158.64
-5378.13
-5494.99
-5406.63
-5110.18
-4585.7
-3901.6
-3112.03
-2114.37
-1039.76
194.485
1423.03
2571.75
3743.28
4823.6
5755.69
6476.86
6995.64
7306.33
7463.11
7357.64
7064.05
6476.86
5741.44
4883.46
3880.1
2788.39
1579.8
388.315
-740.459
-1803.67
-2821.28
-3702.07
-4480.24
-5024.67
-5403.78
-5603.31
-5711.63
-5685.97
-5529.2
-5457.94
-5452.24
-5614.71
-5914.01
-6281.71
-6663.67
-7225.21
-7798.15
-8271.32
-8607.67
-8744.5
-8636.18
-8373.94
-7875.11
-7065.59
-6028.03
-4768.13
-3368.56
-1758.07
-36.4004
1753.68
3461.09
5000.33
6365.69
7585.68
8560.53
9253.18
9663.65
9737.76
9660.8
9350.1
8805.67
8053.15
7195.17
6271.62
5356.63
4487.25
3623.57
2822.59
2169.84
1688.12
1309.01
1006.86
764.574
664.808
656.257
644.855
550.791
431.072
274.298
32.0102
-315.743
-871.579
-1518.63
-2182.78
-2844.08
-3610.85
-4394.72
-5113.03
-5617.56
-5979.57
-6199.05
-6230.41
-6042.28
-5463.64
-4619.91
-3536.74
-2399.42
-1019.8
479.53
2092.88
3535.2
4920.52
6200.36
7309.18
8224.18
8811.37
9159.12
9179.07
9073.61
8626.09
7944.83
6964.28
5918.17
4720.98
3486.74
2155.59
830.134
-378.453
-1487.27
-2393.71
-3234.59
-3895.9
-4437.48
-4679.77
-4850.79
-4865.05
-4904.95
-4785.23
-4685.47
-4668.37
-4742.48
-5093.08
-5574.81
-6273.16
-7131.15
-8151.6
-9089.4
-9995.84
-10728.4
-11335.5
-11703.3
-11768.8
-11378.3
-10631.5
-9659.49
-8274.17
-6638.02
-4679.77
-2616.05
-444.013
1608.3
3620.71
5482.05
7055.5
8278.33
9139.17
9749.16
10000
9980.05
9506.87
8839.87
8007.54
7075.45
5983.73
4835
3717.63
2759.88
1981.71
1311.86
770.274
379.764
277.148
305.653
439.623
567.893
764.574
984.057
1149.38
1149.38
992.609
690.462
265.746
-298.641
-1122.42
-2100.12
-3140.53
-4115.38
-5107.33
-6028.03
-6914.51
-7527.36
-7860.86
-7863.71
-7612.87
-7139.7
-6290.27
-5124.44
-3693.51
-2159.98
-503.872
1126.58
2871.05
4450.19
5886.81
7015.59
7976.19
8697.35
9096.41
9201.88
8945.34
8529.17
7879.27
7075.45
5969.48
4849.25
3626.42
2509.04
1388.82
328.456
-615.039
-1361.85
-1897.74
-2333.85
-2610.35
-2789.93
-2815.58
-2787.07
-2684.46
-2687.31
-2647.4
-2715.81
-2881.14
-3191.84
-3741.97
-4443.18
-5278.36
-6250.36
-7430.44
-8670.38
-9941.68
-11090.4
-12028.2
-12681
-13142.7
-13253.9
-12971.7
-12290.4
-11150.3
-9685.14
-7940.67
-6019.47
-3918.7
-1732.41
399.717
2360.82
4150.9
5673.03
6952.88
7850.77
8352.45
8589.03
8549.13
8298.29
7773.81
7012.74
6129.1
5299.62
4475.85
3674.87
2905.25
2281.01
1887.65
1679.56
1653.91
1665.31
1796.43
2030.17
2312.36
2568.9
2708.57
2708.57
2637.31
2409.28
1973.16
1303.31
462.427
-492.471
-1569.94
-2744.32
-4041.27
-5289.76
-6370.08
-7242.31
-7957.77
-8479.4
-8727.39
-8567.77
-8063.24
-7310.72
-6261.76
-5098.78
-3665.01
-2063.06
-435.462
1129.43
2671.52
4102.44
5382.29
6419.85
7246.47
7859.32
8241.28
8512.07
8375.25
8152.91
7702.55
7232.22
6645.03
5975.18
5234.06
4495.8
3874.4
3270.11
2745.63
2204.05
1813.54
1405.92
1160.78
850.087
565.043
311.354
103.271
-153.268
-492.471
-882.981
-1356.15
-1797.97
-2390.86
-3037.91
-3753.37
-4414.68
-5158.64
-5914.01
-6766.29
-7649.93
-8422.4
-9120.75
-9690.84
-10161.2
-10369.2
-10283.7
-9898.92
-9380.14
-8579.17
-7649.93
-6401.43
-4950.56
-3462.63
-1906.29
-409.808
1192.14
2748.48
4110.99
5225.51
6214.62
7021.29
7702.55
8087.35
8241.28
8241.28
8152.91
8033.2
7705.4
7266.43
6790.4
6419.85
6074.94
5704.39
5254.02
4909.11
4649.72
4461.59
4244.96
3942.81
3683.42
3461.09
3278.66
2925.21
2429.23
1850.59
1297.61
636.304
-170.371
-1116.72
-2060.21
-2949.55
-3813.23
-4705.42
-5609.01
-6335.87
-6843.25
-7182.45
-7404.79
-7524.51
-7407.64
-6968.67
-6344.42
-5591.91
-4782.38
-3807.53
-2741.47
-1635.5
-583.685
379.764
1306.16
2252.5
3101.93
3734.73
4250.66
4692.48
5080.14
5328.13
5470.65
5405.09
5385.14
5288.22
5185.61
4949.02
4646.87
4430.24
4165.15
3954.22
3572.26
3235.91
2885.3
2580.3
2149.89
1682.42
1129.43
599.248
106.122
-478.218
-1091.06
-1729.56
-2245.49
-2741.47
-3186.14
-3633.66
-3987.11
-4226.55
-4363.37
-4503.04
-4631.31
-4716.82
-4779.53
-4813.74
-4942.01
-5098.78
-5289.76
-5446.54
-5643.22
-5888.35
-6139.19
-6256.06
-6164.85
-5996.67
-5711.63
-5332.52
-4722.52
-3913
-2915.34
-1863.53
-777.515
422.521
1719.47
3016.42
4159.45
5236.91
6174.71
7081.15
7745.3
8172.87
8358.15
8415.16
8363.85
8138.66
7693.99
7061.2
6468.3
5889.67
5316.73
4601.27
3922.86
3335.67
2902.4
2534.7
2169.84
1822.09
1585.5
1468.63
1357.47
1200.69
955.553
778.826
576.445
271.447
-198.876
-743.309
-1287.74
-1826.48
-2447.87
-3106.32
-3787.58
-4351.97
-4702.57
-4987.61
-5218.5
-5326.82
-5215.65
-4942.01
-4520.14
-4044.12
-3456.93
-2684.46
-1803.67
-888.682
-19.2977
847.236
1690.97
2500.49
3178.9
3706.23
4122.39
4490.1
4797.95
4983.23
5025.98
4966.12
4951.87
4877.76
4760.89
4552.81
4327.62
4136.64
3954.22
3748.98
3492.44
3207.4
3005.02
2819.74
2531.85
2238.25
1876.25
1599.75
1266.25
850.087
382.615
-101.961
-566.582
-1016.95
-1515.78
-2023.16
-2464.98
-2818.43
-3072.12
-3360.01
-3570.95
-3702.07
-3730.57
-3744.82
-3744.82
-3764.78
-3781.88
-3827.49
-3913
-4095.43
-4366.22
-4614.21
-4947.71
-5247
-5611.86
-5908.31
-6010.92
-6056.53
-5945.36
-5751.53
-5440.83
-4867.9
-4123.93
-3257.4
-2279.7
-1296.29
-139.016
1029.66
2109.98
3161.79
4042.58
4920.52
5647.38
6163.31
6476.86
6625.08
6664.98
6599.42
6345.74
5935.27
5447.85
4980.37
4578.46
4071.08
3572.26
3099.08
2768.43
2537.55
2338.02
2149.89
2024.47
2001.66
2033.02
1995.96
1864.84
1719.47
1508.54
1277.65
870.04
388.315
-141.867
-692.001
-1239.29
-1883.49
-2587.54
-3186.14
-3667.86
-4049.82
-4357.67
-4599.95
-4654.11
-4557.2
-4266.45
-3867.39
-3414.17
-2798.48
-2105.82
-1356.15
-637.843
83.3181
810.181
1494.29
2161.29
2643.01
3016.42
3355.62
3603.61
3771.79
3817.4
3740.43
3717.63
3632.12
3558.01
3458.24
3267.26
3210.25
3127.59
3084.83
3007.87
2908.1
2848.25
2822.59
2702.87
2551.8
2332.32
2061.52
1816.39
1434.43
995.459
465.277
-33.55
-532.377
-1062.56
-1641.2
-2165.68
-2621.75
-2963.8
-3274.5
-3519.64
-3653.61
-3679.26
-3585.2
-3476.88
-3291.6
-3114.88
-2866.89
-2650.25
-2499.18
-2427.92
-2388.01
-2407.97
-2502.03
-2687.31
-3017.96
-3360.01
-3784.73
-4198.04
-4662.66
-5047.47
-5312.57
-5440.83
-5409.48
-5272.66
-4964.81
-4471.69
-3710.62
-2912.49
-1943.34
-985.597
89.019
1249.15
2298.11
3312.87
4153.75
4951.87
5630.28
6109.15
6374.24
6462.6
6419.85
6345.74
6074.94
5670.18
5202.71
4732.39
4330.47
3888.66
3472.49
3064.88
2811.19
2677.22
2594.56
2520.44
2494.79
2509.04
2611.66
2645.86
2594.56
2517.59
2392.17
2238.25
1916.15
1488.59
975.506
445.324
-130.465
-749.01
-1453.07
-2102.97
-2641.7
-3106.32
-3448.38
-3773.33
-3907.3
-3878.79
-3702.07
-3411.32
-3057.87
-2581.84
-2031.71
-1433.12
-837.374
-281.538
257.195
793.078
1271.95
1682.42
1958.91
2221.15
2434.93
2614.51
2719.98
2737.08
2759.88
2788.39
2802.64
2819.74
2819.74
2853.95
2959.41
3079.13
3221.65
3301.47
3426.88
3558.01
3623.57
3657.77
3583.66
3478.19
3321.42
3076.28
2751.33
2335.17
1876.25
1420.17
918.497
394.016
-144.717
-632.142
-1045.46
-1407.46
-1706.76
-1914.84
-2011.76
-2003.2
-1934.79
-1806.52
-1632.65
-1396.06
-1148.07
-920.037
-746.16
-615.039
-538.078
-538.078
-606.488
-800.318
-1059.71
-1361.85
-1743.81
-2142.88
-2636
-3112.03
-3608
-4086.88
-4446.03
-4768.13
-4856.49
-4827.99
-4688.32
-4374.77
-3984.26
-3419.87
-2647.4
-1883.49
-999.849
-173.222
684.761
1591.2
2298.11
3030.67
3569.41
4045.43
4424.54
4575.61
4615.52
4532.86
4384.63
4219.31
3908.61
3529.5
3170.35
2825.44
2617.36
2340.87
2109.98
1924.7
1839.19
1876.25
1881.95
1884.8
1910.45
1956.06
2015.92
2015.92
1884.8
1736.57
1528.49
1303.31
924.198
442.474
-56.3535
-529.526
-1014.1
-1518.63
-2063.06
-2541.94
-2844.08
-3083.52
-3200.39
-3317.26
-3268.8
-3060.72
-2741.47
-2353.81
-1969
-1478.72
-954.242
-441.163
37.711
422.521
793.078
1143.68
1420.17
1616.86
1702.37
1767.93
1819.24
1861.99
1836.34
1773.63
1742.27
1736.57
1762.23
1822.09
1853.44
1973.16
2109.98
2278.16
2429.23
2531.85
2674.37
2768.43
2845.39
2794.09
2708.57
2537.55
2340.87
2072.93
1690.97
1260.55
795.928
339.858
-116.213
-592.236
-1062.56
-1450.22
-1783.72
-2051.66
-2276.85
-2416.52
-2467.83
-2439.32
-2353.81
-2259.74
-2114.37
-1929.09
-1735.26
-1578.49
-1464.47
-1387.51
-1356.15
-1367.56
-1441.67
-1601.29
-1809.37
-2057.36
-2308.2
-2596.1
-2898.24
-3171.88
-3465.48
-3670.71
-3895.9
-4081.17
-4212.3
-4337.71
-4371.92
-4357.67
-4186.64
-3995.66
-3710.62
-3351.46
-2983.76
-2462.12
-1923.39
-1370.41
-780.365
-241.632
345.559
927.049
1388.82
1904.75
2289.56
2717.13
3067.73
3298.61
3503.85
3626.42
3768.94
3880.1
3905.76
3854.45
3800.29
3757.54
3729.03
3612.16
3495.3
3301.47
3173.2
3062.03
2885.3
2680.07
2432.08
2224
2015.92
1745.13
1391.67
1063.87
750.321
473.829
106.122
-292.94
-657.796
-968.494
-1239.29
-1530.03
-1832.18
-2083.02
-2222.69
-2311.05
-2365.21
-2436.47
-2427.92
-2325.3
-2168.53
-1991.8
-1843.58
-1606.99
-1330.5
-1034.05
-771.814
-549.479
-247.333
66.2154
371.213
650.556
855.788
1106.63
1400.22
1642.51
1881.95
2038.72
2215.45
2426.38
2583.15
2731.38
2811.19
2922.36
3024.97
3090.53
3107.64
3081.98
3050.63
3010.72
2888.15
2757.03
2523.3
2303.81
2101.43
1824.94
1562.7
1206.39
912.796
624.902
337.008
49.1128
-215.978
-475.368
-634.993
-806.019
-957.092
-1071.11
-1130.97
-1130.97
-1136.67
-1113.87
-1116.72
-1051.16
-988.447
-928.588
-928.588
-917.186
-914.336
-900.084
-945.691
-1031.2
-1136.67
-1256.39
-1350.45
-1515.78
-1675.4
-1849.28
-2008.9
-2182.78
-2325.3
-2521.98
-2638.85
-2775.67
-2883.99
-2989.46
-3140.53
-3231.74
-3340.06
-3317.26
-3280.2
-3214.64
-3112.03
-2975.2
-2738.62
-2402.27
-2094.42
-1678.25
-1304.85
-877.28
-361.35
51.9632
533.688
932.75
1374.57
1796.43
2092.88
2340.87
2526.15
2688.62
2842.54
2882.45
2851.1
2751.33
2657.27
2600.26
2452.03
2292.41
2067.22
1893.35
1759.38
1591.2
1425.88
1243.45
1092.37
989.758
855.788
687.612
533.688
371.213
257.195
77.6172
-153.268
-392.705
-612.189
-814.57
-1034.05
-1296.29
-1581.34
-1789.42
-1951.9
-2071.61
-2222.69
-2308.2
-2336.71
-2288.25
-2185.63
-2085.87
-1911.99
-1686.81
-1407.46
-1113.87
-845.925
-560.881
-235.931
89.019
388.315
599.248
813.031
1004.01
1175.04
1314.71
1371.72
1411.62
1437.28
1460.08
1465.78
1440.13
1403.07
1405.92
1403.07
1411.62
1377.42
1348.91
1360.32
1351.76
1311.86
1252
1132.28
1078.12
981.207
827.283
659.107
428.222
237.242
6.35631
-227.38
-486.77
-740.459
-965.644
-1165.17
-1367.56
-1510.08
-1644.05
-1718.16
-1746.66
-1778.02
-1758.07
-1726.71
-1612.69
-1515.78
-1418.86
-1339.05
-1279.19
-1196.53
-1125.27
-1133.82
-1139.52
-1205.08
-1259.24
-1341.9
-1484.42
-1618.39
-1792.27
-1926.24
-2074.46
-2216.99
-2376.61
-2493.48
-2578.99
-2621.75
-2701.56
-2744.32
-2784.22
-2801.33
-2775.67
-2801.33
-2772.82
-2741.47
-2621.75
-2499.18
-2365.21
-2211.29
-1983.25
-1721.01
-1398.91
-1076.81
-749.01
-344.248
43.4119
496.632
870.04
1283.35
1671.01
2044.42
2392.17
2640.16
2856.8
3047.78
3204.55
3307.17
3321.42
3275.81
3235.91
3133.29
3056.33
2896.7
2719.98
2563.2
2406.43
2266.76
2095.73
1933.25
1782.18
1665.31
1542.74
1403.07
1243.45
1123.73
989.758
864.339
673.36
473.829
299.952
108.972
-76.3066
-295.79
-512.424
-700.553
-843.075
-977.045
-1062.56
-1133.82
-1145.22
-1073.96
-991.298
-857.327
-683.45
-466.817
-215.978
46.2624
302.802
590.697
838.685
1106.63
1328.96
1505.69
1662.46
1785.03
1876.25
1890.5
1896.2
1859.14
1799.28
1736.57
1642.51
1511.39
1425.88
1266.25
1157.93
1032.51
861.489
767.424
622.052
527.987
405.418
265.746
148.878
-2.195
-147.568
-292.94
-466.817
-634.993
-811.72
-985.597
-1145.22
-1330.5
-1461.62
-1621.24
-1701.06
-1769.47
-1820.78
-1803.67
-1763.77
-1672.55
-1549.98
-1438.82
-1279.19
-1099.61
-945.691
-777.515
-649.245
-509.573
-401.256
-310.042
-264.436
-250.183
-261.585
-301.491
-367.051
-466.817
-563.732
-672.048
-794.617
-905.784
-977.045
-1065.41
-1133.82
-1162.32
-1210.78
-1242.14
-1244.99
-1244.99
-1233.59
-1225.03
-1207.93
-1176.58
-1125.27
-1065.41
-985.597
-908.635
-794.617
-652.095
-501.022
-315.743
-104.811
131.776
368.362
653.406
918.497
1197.84
1480.03
1762.23
2021.62
2266.76
2466.29
2645.86
2794.09
2882.45
2950.86
2965.11
2956.56
2908.1
2831.14
2725.68
2603.11
2463.44
2312.36
2152.74
1995.96
1830.64
1682.42
1537.04
1397.37
1274.8
1135.13
1026.81
912.796
815.882
710.415
604.949
496.632
388.315
271.447
165.981
49.1128
-53.503
-133.315
-218.829
-255.884
-281.538
-264.436
-238.782
-178.922
-84.8579
34.8606
185.934
351.26
519.436
696.163
892.843
1061.02
1226.34
1391.67
1525.64
1645.36
1722.32
1779.33
1833.49
1859.14
1867.69
1867.69
1827.79
1779.33
1733.72
1659.61
1591.2
1511.39
1440.13
1346.06
1254.85
1155.08
1063.87
981.207
872.89
764.574
647.706
519.436
394.016
282.849
160.28
46.2624
-76.3066
-184.623
-292.94
-395.556
-469.667
-538.078
-580.834
-603.638
-612.189
-589.386
-549.479
-486.77
-412.658
-349.949
-264.436
-198.876
-124.764
-76.3066
-24.9985
-16.4472
-36.4004
-50.6526
-99.1101
-167.521
-264.436
-367.051
-463.966
-586.535
-717.655
-845.925
-971.345
-1076.81
-1182.28
-1279.19
-1367.56
-1435.97
-1495.83
-1530.03
-1549.98
-1581.34
-1589.89
-1581.34
-1569.94
-1555.68
-1535.73
-1510.08
-1467.32
-1438.82
-1384.66
-1313.4
-1222.18
-1113.87
-974.195
-823.122
-666.347
-449.714
-247.333
-10.7463
231.541
482.38
738.92
986.908
1229.2
1448.68
1645.36
1813.54
1950.36
2061.52
2135.64
2169.84
2178.39
2138.49
2078.63
2007.37
1910.45
1796.43
1662.46
1548.44
1425.88
1311.86
1200.69
1089.52
995.459
918.497
847.236
770.274
699.013
630.603
553.641
470.978
385.465
294.251
203.037
103.271
12.0572
-84.8579
-170.371
-247.333
-304.342
-364.201
-401.256
-421.21
-421.21
-398.406
-347.098
-275.837
-201.726
-87.7083
29.1597
154.579
265.746
391.166
502.333
613.5
681.911
733.219
773.125
764.574
764.574
724.667
679.06
602.098
508.034
399.717
297.101
168.831
40.5615
-76.3066
-190.324
-298.641
-415.509
-498.171
-583.685
-640.693
-697.702
-740.459
-780.365
-823.122
-848.776
-877.28
-917.186
-937.139
-965.644
-996.998
-996.998
-1031.2
-1028.35
-1031.2
-1022.65
-996.998
-971.345
-911.485
-851.626
-766.113
-686.3
-583.685
-472.517
-401.256
-307.192
-218.829
-170.371
-104.811
-73.4561
-53.503
-30.6995
-27.849
-33.55
-56.3535
-84.8579
-127.614
-181.773
-230.23
-287.239
-349.949
-401.256
-455.415
-506.723
-549.479
-583.685
-612.189
-626.441
-632.142
-637.843
-626.441
-603.638
-586.535
-546.629
-509.573
-466.817
-404.107
-355.649
-272.987
-196.025
-104.811
6.35631
111.822
234.391
365.512
493.782
642.005
781.676
935.6
1092.37
1243.45
1397.37
1542.74
1685.27
1819.24
1941.81
2038.72
2118.53
2206.9
2289.56
2355.12
2392.17
2406.43
2432.08
2423.53
2403.58
2392.17
2349.42
2300.96
2263.91
2209.75
2152.74
2095.73
2027.32
1967.46
1901.9
1844.89
1765.08
1693.82
1614
1531.34
1451.53
1357.47
1277.65
1186.44
1106.63
1023.96
944.151
895.694
852.937
813.031
801.629
775.975
764.574
730.368
707.565
681.911
656.257
650.556
616.351
596.398
562.192
536.538
502.333
459.576
416.82
348.409
265.746
188.784
106.122
34.8606
-36.4004
-113.362
-181.773
-238.782
-304.342
-378.453
-432.611
-495.321
-546.629
-600.787
-643.544
-692.001
-723.356
-754.711
-774.664
-786.066
-791.767
-774.664
-768.963
-751.861
-723.356
-697.702
-669.198
-629.292
-597.937
-566.582
-520.975
-489.62
-455.415
-429.761
-392.705
-364.201
-332.846
-301.491
-281.538
-253.034
-221.679
-193.175
-164.67
-124.764
-107.661
-73.4561
-44.9517
-7.89589
20.6085
49.1128
89.019
103.271
131.776
146.028
157.43
168.831
163.13
188.784
197.336
194.485
208.737
222.99
234.391
248.644
254.344
271.447
297.101
334.157
365.512
408.269
470.978
508.034
559.342
619.201
687.612
750.321
821.582
870.04
918.497
966.955
1012.56
1046.77
1078.12
1098.08
1123.73
1149.38
1172.19
1206.39
1232.05
1260.55
1294.76
1328.96
1343.21
1360.32
1377.42
1391.67
1385.97
1397.37
1397.37
1377.42
1348.91
1317.56
1274.8
1206.39
1140.83
1063.87
981.207
884.292
787.377
687.612
590.697
488.081
379.764
271.447
163.13
71.9163
-2.195
-76.3066
-136.166
-196.025
-247.333
-281.538
-310.042
-344.248
-367.051
-387.004
-389.855
-401.256
-412.658
-415.509
-412.658
-404.107
-404.107
-395.556
-398.406
-395.556
-389.855
-387.004
-378.453
-381.303
-378.453
-378.453
-375.603
-384.154
-389.855
-409.808
-415.509
-424.06
-426.91
-418.359
-395.556
-392.705
-381.303
-355.649
-349.949
-324.295
-315.743
-304.342
-292.94
-284.389
-275.837
-281.538
-267.286
-270.137
-267.286
-264.436
-272.987
-267.286
-270.137
-258.735
-261.585
-258.735
-244.483
-233.081
-224.529
-207.427
-184.623
-158.969
-150.418
-124.764
-90.5588
-76.3066
-42.1013
-22.1481
0.655442
20.6085
34.8606
57.6641
74.7668
103.271
128.925
157.43
197.336
237.242
285.7
319.905
362.662
422.521
462.427
530.837
570.744
624.902
690.462
738.92
793.078
841.535
909.946
947.002
975.506
1006.86
1029.66
1061.02
1066.72
1089.52
1112.33
1123.73
1157.93
1166.49
1177.89
1209.24
1220.64
1229.2
1234.9
1237.75
1237.75
1229.2
1220.64
1177.89
1137.98
1092.37
1021.11
964.104
907.096
841.535
778.826
724.667
679.06
647.706
604.949
579.295
536.538
476.679
448.175
385.465
322.755
257.195
188.784
157.43
154.579
174.532
188.784
205.887
240.092
262.896
308.503
339.858
365.512
374.063
368.362
376.914
371.213
356.961
337.008
322.755
322.755
322.755
328.456
356.961
382.615
416.82
422.521
422.521
442.474
465.277
473.829
482.38
496.632
508.034
519.436
542.239
545.09
536.538
542.239
556.491
570.744
573.594
565.043
570.744
562.192
570.744
567.893
553.641
547.94
527.987
519.436
505.184
490.931
465.277
451.025
439.623
425.371
425.371
411.119
411.119
405.418
399.717
399.717
391.166
396.867
391.166
396.867
405.418
411.119
422.521
422.521
433.923
439.623
448.175
445.324
445.324
456.726
465.277
468.128
479.53
482.38
493.782
496.632
499.483
510.884
508.034
496.632
482.38
488.081
488.081
485.23
488.081
476.679
470.978
468.128
468.128
473.829
476.679
482.38
499.483
510.884
530.837
553.641
582.145
613.5
639.154
673.36
693.313
713.266
733.219
753.172
758.873
764.574
747.471
716.116
681.911
653.406
607.799
573.594
539.389
493.782
459.576
436.773
419.67
405.418
399.717
391.166
382.615
359.811
311.354
277.148
228.691
168.831
114.673
37.711
-33.55
-99.1101
-181.773
-267.286
-364.201
-466.817
-575.133
-686.3
-786.066
-891.532
-982.746
-1082.51
-1182.28
-1267.79
-1344.75
-1396.06
-1455.92
-1498.68
-1524.33
-1541.43
-1552.83
-1552.83
-1532.88
-1507.23
-1470.17
-1427.41
-1387.51
-1347.6
-1304.85
-1259.24
-1227.88
-1207.93
-1170.88
-1139.52
-1113.87
-1093.91
-1073.96
-1039.76
-1028.35
-1005.55
-982.746
-965.644
-959.943
-965.644
-965.644
-977.045
-985.597
-1005.55
-1019.8
-1042.61
-1054.01
-1062.56
-1065.41
-1079.66
-1096.76
-1099.61
-1096.76
-1093.91
-1079.66
-1051.16
-1025.5
-985.597
-954.242
-925.737
-888.682
-854.476
-823.122
-768.963
-734.758
-694.852
-637.843
-589.386
-543.778
-492.471
-438.312
-392.705
-341.397
-287.239
-238.782
-193.175
-144.717
-107.661
-90.5588
-67.7552
-47.8022
-39.2508
-42.1013
-39.2508
-39.2508
-42.1013
-59.2039
-87.7083
-113.362
-144.717
-173.222
-207.427
-238.782
-261.585
-292.94
-315.743
-324.295
-344.248
-355.649
-355.649
-358.5
-355.649
-338.547
-315.743
-292.94
-261.585
-227.38
-196.025
-164.67
-124.764
-93.4092
-56.3535
-16.4472
20.6085
66.2154
94.7198
143.177
174.532
205.887
237.242
268.597
308.503
337.008
376.914
399.717
439.623
459.576
465.277
473.829
473.829
451.025
439.623
419.67
396.867
385.465
374.063
365.512
359.811
345.559
334.157
305.653
277.148
248.644
205.887
160.28
108.972
66.2154
32.0102
-2.195
-39.2508
-62.0544
-70.6057
-62.0544
-76.3066
-101.961
-90.5588
-82.0075
-79.157
-79.157
-87.7083
-93.4092
-101.961
-104.811
-121.914
-133.315
-150.418
-173.222
-184.623
-198.876
-218.829
-235.931
-261.585
-284.389
-307.192
-327.145
-349.949
-392.705
-432.611
-478.218
-518.125
-566.582
-603.638
-654.946
-700.553
-726.207
-774.664
-803.169
-814.57
-831.673
-840.224
-848.776
-848.776
-843.075
-848.776
-851.626
-848.776
-840.224
-845.925
-851.626
-840.224
-843.075
-831.673
-828.823
-834.523
-834.523
-825.972
-831.673
-840.224
-828.823
-814.57
-806.019
-788.916
-766.113
-743.309
-731.908
-709.104
-683.45
-672.048
-646.394
-626.441
-603.638
-589.386
-569.432
-560.881
-549.479
-540.928
-520.975
-512.424
-509.573
-492.471
-495.321
-486.77
-492.471
-492.471
-503.872
-512.424
-523.825
-532.377
-538.078
-552.33
-563.732
-569.432
-569.432
-575.133
-577.984
-589.386
-580.834
-583.685
-569.432
-569.432
-552.33
-526.676
-523.825
-495.321
-495.321
-469.667
-449.714
-444.013
-429.761
-412.658
-392.705
-384.154
-369.902
-355.649
-344.248
-335.696
-327.145
-298.641
-287.239
-264.436
-235.931
-213.128
-184.623
-161.82
-127.614
-93.4092
-59.2039
-24.9985
6.35631
43.4119
89.019
111.822
134.626
157.43
183.083
197.336
217.289
222.99
231.541
225.84
214.438
211.588
194.485
177.383
171.682
157.43
154.579
148.878
126.075
114.673
100.421
86.1685
63.365
49.1128
34.8606
17.7581
-5.04545
-19.2977
-50.6526
-70.6057
-104.811
-127.614
-164.67
-190.324
-190.324
-215.978
-218.829
-233.081
-238.782
-258.735
-272.987
-295.79
-312.893
-332.846
-338.547
-349.949
-344.248
-349.949
-341.397
-327.145
-318.594
-292.94
-290.089
-275.837
-267.286
-250.183
-250.183
-238.782
-230.23
-221.679
-215.978
-213.128
-201.726
-187.474
-184.623
-178.922
-161.82
-164.67
-164.67
-173.222
-193.175
-198.876
-198.876
-213.128
-215.978
-218.829
-224.529
-227.38
-241.632
-261.585
-275.837
-287.239
-310.042
-329.995
-349.949
-378.453
-395.556
-415.509
-441.163
-466.817
-483.919
-509.573
-520.975
-523.825
-529.526
-529.526
-515.274
-506.723
-483.919
-466.817
-455.415
-449.714
-432.611
-409.808
-398.406
-384.154
-375.603
-369.902
-375.603
-378.453
-389.855
-406.957
-418.359
-438.312
-446.864
-475.368
-495.321
-509.573
-538.078
-543.778
-563.732
-589.386
-606.488
-620.74
-640.693
-646.394
-666.347
-686.3
-697.702
-714.805
-723.356
-729.057
-737.608
-743.309
-737.608
-734.758
-729.057
-714.805
-706.254
-697.702
-686.3
-680.6
-663.497
-643.544
-617.89
-597.937
-577.984
-558.031
-538.078
-515.274
-492.471
-481.069
-458.265
-438.312
-412.658
-395.556
-381.303
-361.35
-349.949
-347.098
-344.248
-329.995
-332.846
-335.696
-335.696
-329.995
-344.248
-349.949
-347.098
-349.949
-335.696
-335.696
-332.846
-321.444
-301.491
-290.089
-284.389
-278.688
-264.436
-255.884
-238.782
-235.931
-215.978
-193.175
-187.474
-178.922
-161.82
-156.119
-158.969
-156.119
-150.418
-139.016
-121.914
-113.362
-116.213
-104.811
-110.512
-104.811
-107.661
-121.914
-124.764
-139.016
-141.867
-153.268
-167.521
-176.072
-204.576
-207.427
-221.679
-233.081
-250.183
-267.286
-270.137
-284.389
-290.089
-298.641
-298.641
-292.94
-298.641
-298.641
-298.641
-304.342
-310.042
-310.042
-312.893
-327.145
-344.248
-344.248
-358.5
-375.603
-384.154
-384.154
-389.855
-398.406
-404.107
-415.509
-409.808
-412.658
-421.21
-409.808
-406.957
-401.256
-389.855
-378.453
-372.752
-372.752
-358.5
-375.603
-367.051
-344.248
-344.248
-332.846
-321.444
-315.743
-321.444
-318.594
-298.641
-298.641
-290.089
-275.837
-272.987
-253.034
-247.333
-244.483
-233.081
-221.679
-204.576
-215.978
-215.978
-207.427
-201.726
-201.726
-201.726
-193.175
-198.876
-210.277
-204.576
-201.726
-193.175
-190.324
-187.474
-173.222
-164.67
-153.268
-150.418
-136.166
-121.914
-99.1101
-87.7083
-76.3066
-64.9048
-39.2508
-22.1481
-19.2977
-5.04545
6.35631
14.9076
29.1597
37.711
43.4119
49.1128
71.9163
83.3181
83.3181
103.271
114.673
111.822
126.075
131.776
148.878
160.28
157.43
163.13
168.831
177.383
174.532
171.682
183.083
188.784
191.635
194.485
183.083
191.635
197.336
197.336
194.485
203.037
208.737
217.289
214.438
214.438
225.84
222.99
231.541
237.242
234.391
237.242
237.242
228.691
225.84
222.99
217.289
211.588
217.289
211.588
205.887
214.438
211.588
203.037
197.336
203.037
205.887
174.532
180.233
177.383
154.579
148.878
134.626
123.224
106.122
83.3181
51.9632
29.1597
6.35631
-13.5968
-47.8022
-70.6057
-96.2597
-116.213
-141.867
-161.82
-187.474
-210.277
-230.23
-253.034
-253.034
-272.987
-290.089
-310.042
-307.192
-321.444
-329.995
-329.995
-329.995
-332.846
-332.846
-321.444
-335.696
-335.696
-329.995
-329.995
-335.696
-335.696
-332.846
-338.547
-338.547
-338.547
-338.547
-347.098
-358.5
-352.799
-361.35
-364.201
-369.902
-369.902
-364.201
-361.35
-355.649
-335.696
-335.696
-341.397
-327.145
-321.444
-312.893
-304.342
-284.389
-278.688
-275.837
-258.735
-253.034
-250.183
-247.333
-238.782
-235.931
-233.081
-233.081
-235.931
-238.782
-233.081
-233.081
-235.931
-235.931
-227.38
-230.23
-227.38
-218.829
-204.576
-198.876
-198.876
-181.773
-176.072
-161.82
-158.969
-133.315
-127.614
-121.914
-104.811
-104.811
-101.961
-84.8579
-82.0075
-67.7552
-53.503
-47.8022
-39.2508
-27.849
-19.2977
-13.5968
-5.04545
14.9076
29.1597
34.8606
40.5615
46.2624
63.365
77.6172
86.1685
97.5703
106.122
106.122
108.972
117.523
108.972
117.523
120.374
114.673
114.673
106.122
114.673
114.673
103.271
106.122
103.271
89.019
77.6172
86.1685
83.3181
74.7668
71.9163
71.9163
74.7668
69.0659
66.2154
66.2154
66.2154
63.365
57.6641
63.365
69.0659
66.2154
71.9163
77.6172
71.9163
74.7668
69.0659
69.0659
69.0659
77.6172
83.3181
89.019
103.271
108.972
131.776
134.626
128.925
131.776
140.327
143.177
146.028
146.028
143.177
137.476
140.327
140.327
137.476
128.925
114.673
108.972
106.122
91.8694
97.5703
80.4676
71.9163
66.2154
57.6641
54.8137
49.1128
54.8137
49.1128
43.4119
46.2624
40.5615
34.8606
32.0102
32.0102
32.0102
23.459
32.0102
23.459
17.7581
20.6085
14.9076
26.3094
23.459
23.459
26.3094
26.3094
34.8606
34.8606
43.4119
60.5146
51.9632
63.365
71.9163
77.6172
86.1685
69.0659
74.7668
100.421
103.271
106.122
103.271
108.972
111.822
103.271
100.421
106.122
108.972
100.421
103.271
97.5703
94.7198
97.5703
83.3181
91.8694
94.7198
83.3181
89.019
83.3181
74.7668
74.7668
74.7668
69.0659
60.5146
49.1128
37.711
34.8606
20.6085
20.6085
14.9076
12.0572
12.0572
3.50587
-2.195
-5.04545
-7.89589
-16.4472
-13.5968
-7.89589
-10.7463
-10.7463
-16.4472
-16.4472
-16.4472
-19.2977
-24.9985
-30.6995
-24.9985
-36.4004
-39.2508
-36.4004
-39.2508
-47.8022
-47.8022
-42.1013
-39.2508
-50.6526
-50.6526
-47.8022
-36.4004
-33.55
-39.2508
-30.6995
-36.4004
-30.6995
-19.2977
-16.4472
-13.5968
-7.89589
-10.7463
-7.89589
-2.195
-2.195
0.655442
3.50587
9.20675
6.35631
6.35631
14.9076
6.35631
17.7581
14.9076
14.9076
9.20675
12.0572
14.9076
12.0572
6.35631
3.50587
6.35631
9.20675
9.20675
9.20675
9.20675
32.0102
26.3094
26.3094
32.0102
26.3094
29.1597
34.8606
34.8606
20.6085
34.8606
46.2624
37.711
43.4119
46.2624
69.0659
66.2154
66.2154
74.7668
74.7668
77.6172
86.1685
94.7198
106.122
100.421
111.822
108.972
114.673
131.776
126.075
134.626
137.476
146.028
148.878
148.878
146.028
146.028
143.177
146.028
148.878
146.028
157.43
157.43
163.13
157.43
163.13
160.28
171.682
171.682
174.532
185.934
191.635
185.934
188.784
194.485
194.485
203.037
197.336
188.784
185.934
194.485
180.233
185.934
197.336
200.186
197.336
188.784
194.485
197.336
185.934
185.934
188.784
200.186
197.336
194.485
205.887
203.037
200.186
191.635
191.635
197.336
194.485
197.336
200.186
191.635
197.336
194.485
191.635
188.784
191.635
197.336
194.485
208.737
214.438
214.438
222.99
222.99
225.84
237.242
240.092
240.092
245.793
248.644
262.896
260.045
254.344
260.045
245.793
248.644
254.344
254.344
251.494
257.195
257.195
257.195
254.344
248.644
254.344
254.344
248.644
248.644
254.344
251.494
257.195
257.195
257.195
257.195
268.597
260.045
265.746
260.045
262.896
262.896
262.896
268.597
262.896
257.195
251.494
254.344
254.344
251.494
254.344
257.195
251.494
260.045
260.045
265.746
274.298
277.148
274.298
271.447
285.7
268.597
279.998
279.998
285.7
291.401
291.401
291.401
285.7
288.55
274.298
274.298
274.298
288.55
279.998
282.849
291.401
291.401
317.054
299.952
294.251
308.503
302.802
311.354
305.653
305.653
308.503
308.503
302.802
311.354
308.503
308.503
308.503
319.905
317.054
314.204
317.054
322.755
322.755
314.204
328.456
325.606
342.708
345.559
345.559
348.409
351.26
354.11
359.811
348.409
356.961
339.858
334.157
345.559
339.858
331.307
337.008
337.008
322.755
325.606
317.054
314.204
305.653
302.802
308.503
308.503
302.802
299.952
311.354
317.054
311.354
322.755
317.054
302.802
314.204
319.905
319.905
328.456
331.307
328.456
328.456
334.157
337.008
334.157
334.157
339.858
342.708
348.409
339.858
339.858
339.858
348.409
348.409
345.559
342.708
345.559
345.559
345.559
345.559
345.559
334.157
331.307
331.307
325.606
319.905
311.354
314.204
311.354
308.503
299.952
299.952
294.251
294.251
297.101
291.401
288.55
282.849
277.148
277.148
274.298
260.045
254.344
254.344
251.494
248.644
240.092
240.092
240.092
240.092
242.943
231.541
240.092
228.691
228.691
228.691
225.84
225.84
228.691
234.391
222.99
222.99
228.691
228.691
225.84
217.289
222.99
220.139
220.139
220.139
217.289
217.289
211.588
214.438
211.588
205.887
208.737
203.037
203.037
203.037
191.635
188.784
188.784
183.083
174.532
160.28
148.878
148.878
140.327
134.626
128.925
126.075
128.925
123.224
117.523
114.673
106.122
106.122
97.5703
89.019
108.972
100.421
97.5703
100.421
108.972
114.673
111.822
111.822
106.122
103.271
106.122
114.673
111.822
106.122
100.421
100.421
100.421
100.421
106.122
106.122
108.972
103.271
108.972
106.122
106.122
103.271
94.7198
106.122
103.271
97.5703
103.271
117.523
114.673
117.523
117.523
114.673
108.972
108.972
103.271
100.421
103.271
100.421
97.5703
89.019
91.8694
89.019
83.3181
77.6172
80.4676
86.1685
80.4676
89.019
91.8694
100.421
103.271
100.421
97.5703
86.1685
91.8694
97.5703
97.5703
100.421
103.271
106.122
111.822
103.271
108.972
114.673
103.271
120.374
117.523
114.673
114.673
123.224
128.925
134.626
128.925
128.925
134.626
137.476
143.177
154.579
151.729
160.28
148.878
157.43
165.981
160.28
154.579
151.729
163.13
163.13
165.981
165.981
168.831
154.579
168.831
154.579
154.579
160.28
151.729
160.28
154.579
151.729
154.579
154.579
154.579
165.981
163.13
160.28
163.13
163.13
163.13
165.981
168.831
177.383
174.532
174.532
177.383
180.233
171.682
177.383
174.532
174.532
171.682
165.981
165.981
163.13
168.831
174.532
171.682
177.383
174.532
180.233
183.083
174.532
183.083
188.784
194.485
188.784
200.186
203.037
208.737
203.037
208.737
214.438
205.887
220.139
225.84
222.99
225.84
228.691
234.391
234.391
242.943
242.943
242.943
248.644
268.597
274.298
268.597
268.597
274.298
274.298
274.298
268.597
274.298
260.045
265.746
265.746
265.746
257.195
248.644
254.344
251.494
234.391
237.242
237.242
231.541
237.242
228.691
231.541
237.242
237.242
242.943
240.092
237.242
245.793
245.793
251.494
248.644
251.494
257.195
251.494
254.344
257.195
254.344
254.344
254.344
254.344
257.195
257.195
262.896
254.344
257.195
262.896
274.298
271.447
277.148
277.148
279.998
291.401
279.998
277.148
285.7
282.849
282.849
288.55
299.952
299.952
285.7
294.251
297.101
294.251
294.251
294.251
294.251
299.952
311.354
311.354
305.653
308.503
308.503
314.204
308.503
322.755
322.755
311.354
317.054
317.054
308.503
297.101
297.101
294.251
294.251
291.401
297.101
294.251
285.7
282.849
282.849
285.7
279.998
282.849
285.7
291.401
291.401
288.55
291.401
288.55
282.849
288.55
291.401
282.849
277.148
277.148
279.998
282.849
282.849
279.998
279.998
279.998
282.849
274.298
268.597
282.849
285.7
282.849
288.55
282.849
291.401
291.401
294.251
291.401
294.251
308.503
308.503
302.802
299.952
305.653
308.503
308.503
314.204
314.204
311.354
311.354
299.952
311.354
299.952
302.802
302.802
299.952
302.802
297.101
288.55
288.55
285.7
277.148
274.298
274.298
274.298
268.597
271.447
268.597
265.746
271.447
268.597
271.447
254.344
248.644
268.597
262.896
268.597
271.447
271.447
285.7
285.7
282.849
291.401
291.401
282.849
291.401
294.251
285.7
282.849
282.849
282.849
288.55
291.401
291.401
285.7
285.7
285.7
288.55
277.148
271.447
274.298
274.298
288.55
282.849
288.55
294.251
291.401
294.251
291.401
285.7
291.401
274.298
271.447
268.597
277.148
277.148
271.447
274.298
265.746
260.045
257.195
254.344
251.494
254.344
245.793
242.943
254.344
262.896
262.896
251.494
254.344
248.644
251.494
248.644
251.494
254.344
242.943
248.644
251.494
257.195
257.195
251.494
245.793
251.494
260.045
257.195
257.195
248.644
245.793
260.045
257.195
260.045
251.494
251.494
260.045
257.195
260.045
257.195
260.045
262.896
274.298
262.896
271.447
268.597
262.896
265.746
268.597
265.746
265.746
262.896
271.447
277.148
271.447
271.447
268.597
274.298
277.148
285.7
277.148
268.597
274.298
277.148
279.998
271.447
274.298
268.597
271.447
265.746
277.148
277.148
274.298
274.298
277.148
277.148
274.298
277.148
271.447
274.298
265.746
274.298
277.148
271.447
274.298
277.148
277.148
268.597
271.447
265.746
260.045
268.597
265.746
257.195
262.896
262.896
260.045
260.045
257.195
262.896
260.045
260.045
268.597
279.998
262.896
262.896
262.896
257.195
265.746
260.045
268.597
260.045
254.344
254.344
279.998
279.998
254.344
265.746
262.896
254.344
248.644
248.644
254.344
251.494
242.943
248.644
257.195
248.644
254.344
248.644
248.644
251.494
248.644
248.644
242.943
248.644
245.793
245.793
245.793
254.344
257.195
254.344
257.195
268.597
260.045
248.644
257.195
262.896
257.195
257.195
254.344
251.494
254.344
254.344
248.644
242.943
237.242
234.391
234.391
231.541
231.541
231.541
231.541
225.84
222.99
225.84
220.139
220.139
234.391
222.99
214.438
220.139
214.438
222.99
231.541
222.99
220.139
211.588
225.84
228.691
214.438
217.289
214.438
222.99
220.139
205.887
205.887
214.438
214.438
211.588
208.737
200.186
203.037
208.737
205.887
203.037
203.037
191.635
197.336
194.485
191.635
194.485
183.083
185.934
177.383
180.233
180.233
174.532
177.383
165.981
171.682
177.383
168.831
174.532
171.682
168.831
163.13
160.28
157.43
157.43
160.28
151.729
157.43
154.579
160.28
163.13
171.682
168.831
154.579
154.579
157.43
163.13
168.831
168.831
171.682
165.981
160.28
165.981
154.579
160.28
157.43
163.13
168.831
154.579
160.28
160.28
157.43
154.579
157.43
154.579
154.579
154.579
154.579
160.28
157.43
160.28
154.579
160.28
151.729
157.43
160.28
146.028
151.729
146.028
143.177
151.729
146.028
151.729
154.579
151.729
146.028
151.729
157.43
148.878
137.476
140.327
148.878
137.476
143.177
143.177
151.729
151.729
154.579
151.729
157.43
146.028
143.177
154.579
151.729
148.878
137.476
140.327
137.476
146.028
146.028
143.177
140.327
137.476
137.476
134.626
131.776
120.374
126.075
126.075
128.925
117.523
128.925
128.925
123.224
120.374
120.374
120.374
117.523
120.374
114.673
120.374
120.374
117.523
114.673
126.075
128.925
126.075
128.925
134.626
137.476
137.476
143.177
137.476
148.878
157.43
157.43
157.43
148.878
143.177
140.327
143.177
137.476
140.327
140.327
137.476
146.028
143.177
140.327
131.776
123.224
140.327
137.476
126.075
123.224
123.224
128.925
134.626
131.776
131.776
128.925
123.224
123.224
123.224
128.925
140.327
126.075
128.925
126.075
137.476
140.327
140.327
137.476
143.177
140.327
131.776
137.476
137.476
134.626
134.626
134.626
134.626
146.028
137.476
146.028
157.43
148.878
148.878
151.729
154.579
165.981
154.579
151.729
163.13
160.28
154.579
157.43
165.981
151.729
163.13
151.729
154.579
163.13
157.43
146.028
146.028
143.177
134.626
137.476
137.476
134.626
143.177
143.177
134.626
137.476
137.476
134.626
134.626
140.327
137.476
134.626
143.177
148.878
146.028
148.878
148.878
148.878
160.28
151.729
163.13
168.831
160.28
163.13
157.43
154.579
157.43
160.28
163.13
160.28
165.981
183.083
174.532
174.532
174.532
168.831
174.532
168.831
171.682
163.13
160.28
163.13
165.981
168.831
171.682
168.831
163.13
168.831
163.13
163.13
160.28
151.729
157.43
163.13
163.13
163.13
160.28
171.682
168.831
168.831
165.981
163.13
163.13
157.43
157.43
154.579
157.43
163.13
154.579
151.729
154.579
157.43
154.579
160.28
151.729
157.43
146.028
154.579
154.579
154.579
160.28
146.028
151.729
154.579
157.43
134.626
140.327
143.177
146.028
148.878
140.327
140.327
143.177
143.177
148.878
137.476
134.626
146.028
146.028
143.177
154.579
146.028
143.177
151.729
146.028
148.878
154.579
151.729
151.729
154.579
151.729
148.878
163.13
157.43
143.177
146.028
146.028
143.177
140.327
143.177
154.579
143.177
146.028
140.327
140.327
140.327
143.177
134.626
143.177
146.028
146.028
137.476
146.028
143.177
140.327
143.177
140.327
140.327
134.626
148.878
146.028
134.626
146.028
143.177
137.476
137.476
128.925
131.776
134.626
134.626
137.476
126.075
126.075
126.075
131.776
126.075
123.224
128.925
126.075
128.925
123.224
120.374
123.224
123.224
126.075
120.374
117.523
128.925
120.374
131.776
128.925
123.224
143.177
128.925
131.776
137.476
137.476
123.224
117.523
128.925
117.523
120.374
120.374
108.972
117.523
108.972
106.122
111.822
111.822
106.122
106.122
91.8694
94.7198
94.7198
97.5703
106.122
108.972
117.523
117.523
123.224
117.523
120.374
123.224
120.374
123.224
123.224
117.523
120.374
123.224
123.224
120.374
114.673
108.972
108.972
94.7198
103.271
94.7198
89.019
97.5703
89.019
83.3181
83.3181
91.8694
94.7198
100.421
103.271
97.5703
91.8694
94.7198
89.019
86.1685
86.1685
89.019
89.019
91.8694
91.8694
89.019
86.1685
77.6172
74.7668
80.4676
77.6172
80.4676
77.6172
86.1685
86.1685
86.1685
83.3181
86.1685
89.019
74.7668
74.7668
74.7668
77.6172
80.4676
86.1685
86.1685
89.019
91.8694
103.271
83.3181
89.019
91.8694
91.8694
91.8694
97.5703
103.271
100.421
100.421
103.271
103.271
97.5703
106.122
103.271
108.972
108.972
108.972
103.271
103.271
103.271
91.8694
91.8694
89.019
94.7198
94.7198
83.3181
94.7198
86.1685
89.019
97.5703
91.8694
86.1685
83.3181
89.019
89.019
94.7198
97.5703
91.8694
86.1685
91.8694
89.019
89.019
94.7198
83.3181
80.4676
77.6172
77.6172
83.3181
77.6172
77.6172
77.6172
83.3181
83.3181
91.8694
89.019
83.3181
86.1685
80.4676
80.4676
80.4676
83.3181
74.7668
80.4676
71.9163
69.0659
77.6172
74.7668
66.2154
74.7668
71.9163
74.7668
77.6172
71.9163
77.6172
77.6172
74.7668
80.4676
77.6172
86.1685
83.3181
89.019
86.1685
83.3181
86.1685
80.4676
77.6172
74.7668
69.0659
66.2154
63.365
69.0659
80.4676
71.9163
69.0659
60.5146
54.8137
54.8137
51.9632
51.9632
49.1128
49.1128
57.6641
51.9632
51.9632
57.6641
54.8137
54.8137
51.9632
54.8137
63.365
57.6641
54.8137
60.5146
63.365
66.2154
63.365
63.365
71.9163
69.0659
71.9163
69.0659
63.365
66.2154
69.0659
66.2154
71.9163
69.0659
60.5146
60.5146
77.6172
71.9163
71.9163
77.6172
66.2154
60.5146
60.5146
63.365
66.2154
63.365
63.365
60.5146
57.6641
54.8137
63.365
51.9632
43.4119
37.711
46.2624
46.2624
34.8606
43.4119
46.2624
43.4119
32.0102
46.2624
37.711
32.0102
40.5615
46.2624
43.4119
40.5615
37.711
34.8606
34.8606
40.5615
43.4119
37.711
34.8606
40.5615
46.2624
49.1128
49.1128
34.8606
46.2624
34.8606
46.2624
40.5615
37.711
43.4119
43.4119
49.1128
46.2624
43.4119
43.4119
37.711
46.2624
46.2624
49.1128
54.8137
54.8137
54.8137
57.6641
60.5146
43.4119
49.1128
57.6641
57.6641
49.1128
43.4119
49.1128
57.6641
60.5146
57.6641
63.365
57.6641
49.1128
46.2624
51.9632
51.9632
54.8137
46.2624
46.2624
46.2624
57.6641
49.1128
49.1128
51.9632
49.1128
46.2624
51.9632
46.2624
43.4119
49.1128
46.2624
43.4119
43.4119
46.2624
43.4119
43.4119
40.5615
46.2624
37.711
32.0102
26.3094
29.1597
32.0102
20.6085
26.3094
20.6085
20.6085
12.0572
14.9076
12.0572
12.0572
9.20675
9.20675
9.20675
3.50587
3.50587
9.20675
-2.195
-5.04545
9.20675
-2.195
-2.195
-2.195
-2.195
3.50587
0.655442
0.655442
0.655442
-2.195
3.50587
-2.195
3.50587
0.655442
-5.04545
-2.195
-16.4472
-10.7463
0.655442
-5.04545
-5.04545
-10.7463
-7.89589
-7.89589
-16.4472
-19.2977
-19.2977
-27.849
-27.849
-16.4472
-16.4472
-27.849
-19.2977
-19.2977
-22.1481
-24.9985
-27.849
-24.9985
-33.55
-30.6995
-33.55
-27.849
-22.1481
-24.9985
-30.6995
-22.1481
-30.6995
-30.6995
-24.9985
-30.6995
-24.9985
-39.2508
-24.9985
-16.4472
-22.1481
-22.1481
-24.9985
-24.9985
-27.849
-30.6995
-30.6995
-27.849
-19.2977
-19.2977
-19.2977
-13.5968
-13.5968
-13.5968
-19.2977
-13.5968
-16.4472
-16.4472
-16.4472
-19.2977
-13.5968
-7.89589
-10.7463
-10.7463
-19.2977
-13.5968
-10.7463
-13.5968
-5.04545
-5.04545
-2.195
-5.04545
-10.7463
0.655442
3.50587
3.50587
0.655442
3.50587
3.50587
0.655442
3.50587
0.655442
6.35631
9.20675
6.35631
14.9076
6.35631
3.50587
9.20675
12.0572
12.0572
12.0572
12.0572
14.9076
20.6085
12.0572
6.35631
9.20675
14.9076
6.35631
6.35631
9.20675
6.35631
9.20675
12.0572
9.20675
3.50587
6.35631
3.50587
3.50587
0.655442
0.655442
0.655442
-7.89589
0.655442
3.50587
6.35631
9.20675
12.0572
6.35631
6.35631
9.20675
6.35631
3.50587
0.655442
6.35631
9.20675
17.7581
14.9076
12.0572
20.6085
32.0102
32.0102
26.3094
34.8606
32.0102
29.1597
34.8606
43.4119
34.8606
37.711
43.4119
46.2624
46.2624
51.9632
60.5146
40.5615
46.2624
49.1128
49.1128
43.4119
40.5615
40.5615
43.4119
43.4119
46.2624
51.9632
49.1128
37.711
32.0102
37.711
40.5615
37.711
40.5615
34.8606
34.8606
26.3094
26.3094
26.3094
23.459
20.6085
29.1597
26.3094
26.3094
26.3094
23.459
26.3094
23.459
23.459
23.459
29.1597
26.3094
20.6085
26.3094
29.1597
26.3094
26.3094
23.459
12.0572
14.9076
23.459
26.3094
20.6085
34.8606
34.8606
29.1597
34.8606
43.4119
34.8606
20.6085
29.1597
34.8606
43.4119
32.0102
43.4119
51.9632
49.1128
57.6641
51.9632
49.1128
57.6641
49.1128
49.1128
57.6641
54.8137
51.9632
46.2624
43.4119
46.2624
51.9632
51.9632
49.1128
54.8137
60.5146
60.5146
57.6641
49.1128
37.711
46.2624
40.5615
40.5615
40.5615
34.8606
34.8606
29.1597
37.711
37.711
32.0102
29.1597
29.1597
26.3094
34.8606
32.0102
26.3094
37.711
34.8606
34.8606
32.0102
32.0102
23.459
26.3094
26.3094
23.459
29.1597
26.3094
34.8606
37.711
34.8606
34.8606
37.711
32.0102
29.1597
32.0102
34.8606
32.0102
26.3094
32.0102
23.459
20.6085
23.459
20.6085
26.3094
29.1597
20.6085
26.3094
32.0102
29.1597
32.0102
26.3094
23.459
29.1597
29.1597
26.3094
29.1597
32.0102
26.3094
18.4135
52.4867
149.61

